0 1
0.01 1.01658
0.02 1.03292
0.03 1.04902
0.04 1.06488
0.05 1.08051
0.06 1.09589
0.07 1.11105
0.08 1.12596
0.09 1.14065
0.1 1.1551
0.11 1.16933
0.12 1.18332
0.13 1.19709
0.14 1.21063
0.15 1.22395
0.16 1.23705
0.17 1.24992
0.18 1.26257
0.19 1.275
0.2 1.28721
0.21 1.29921
0.22 1.31099
0.23 1.32255
0.24 1.3339
0.25 1.34504
0.26 1.35597
0.27 1.3667
0.28 1.37721
0.29 1.38751
0.3 1.39761
0.31 1.40751
0.32 1.4172
0.33 1.4267
0.34 1.43599
0.35 1.44508
0.36 1.45398
0.37 1.46268
0.38 1.47118
0.39 1.47949
0.4 1.48761
0.41 1.49554
0.42 1.50327
0.43 1.51082
0.44 1.51818
0.45 1.52536
0.46 1.53235
0.47 1.53916
0.48 1.54578
0.49 1.55223
0.5 1.55849
0.51 1.56458
0.52 1.57049
0.53 1.57622
0.54 1.58178
0.55 1.58717
0.56 1.59239
0.57 1.59743
0.58 1.60231
0.59 1.60702
0.6 1.61156
0.61 1.61593
0.62 1.62015
0.63 1.62419
0.64 1.62808
0.65 1.63181
0.66 1.63538
0.67 1.63879
0.68 1.64205
0.69 1.64515
0.7 1.6481
0.71 1.65089
0.72 1.65354
0.73 1.65603
0.74 1.65838
0.75 1.66058
0.76 1.66263
0.77 1.66454
0.78 1.6663
0.79 1.66793
0.8 1.66941
0.81 1.67075
0.82 1.67196
0.83 1.67303
0.84 1.67396
0.85 1.67476
0.86 1.67543
0.87 1.67596
0.88 1.67637
0.89 1.67664
0.9 1.67679
0.91 1.67681
0.92 1.67671
0.93 1.67648
0.94 1.67613
0.95 1.67566
0.96 1.67507
0.97 1.67436
0.98 1.67353
0.99 1.67259
1 1.67153
1.01 1.67036
1.02 1.66908
1.03 1.66768
1.04 1.66618
1.05 1.66457
1.06 1.66285
1.07 1.66102
1.08 1.65909
1.09 1.65706
1.1 1.65493
1.11 1.65269
1.12 1.65036
1.13 1.64793
1.14 1.6454
1.15 1.64278
1.16 1.64006
1.17 1.63725
1.18 1.63435
1.19 1.63136
1.2 1.62827
1.21 1.62511
1.22 1.62185
1.23 1.61851
1.24 1.61509
1.25 1.61159
1.26 1.608
1.27 1.60433
1.28 1.60059
1.29 1.59677
1.3 1.59287
1.31 1.5889
1.32 1.58485
1.33 1.58073
1.34 1.57655
1.35 1.57229
1.36 1.56796
1.37 1.56357
1.38 1.55911
1.39 1.55459
1.4 1.55
1.41 1.54536
1.42 1.54065
1.43 1.53588
1.44 1.53106
1.45 1.52619
1.46 1.52127
1.47 1.5163
1.48 1.51128
1.49 1.50623
1.5 1.50114
1.51 1.49602
1.52 1.49087
1.53 1.4857
1.54 1.4805
1.55 1.47528
1.56 1.47005
1.57 1.4648
1.58 1.45955
1.59 1.45429
1.6 1.44902
1.61 1.44376
1.62 1.4385
1.63 1.43325
1.64 1.428
1.65 1.42277
1.66 1.41756
1.67 1.41237
1.68 1.4072
1.69 1.40206
1.7 1.39695
1.71 1.39188
1.72 1.38684
1.73 1.38184
1.74 1.37689
1.75 1.37198
1.76 1.36712
1.77 1.36232
1.78 1.35757
1.79 1.35288
1.8 1.34826
1.81 1.3437
1.82 1.33922
1.83 1.33481
1.84 1.33047
1.85 1.32621
1.86 1.32204
1.87 1.31796
1.88 1.31396
1.89 1.31006
1.9 1.30626
1.91 1.30255
1.92 1.29895
1.93 1.29546
1.94 1.29207
1.95 1.2888
1.96 1.28565
1.97 1.28261
1.98 1.2797
1.99 1.27692
2 1.27427
2.01 1.27174
2.02 1.26936
2.03 1.26712
2.04 1.26501
2.05 1.26306
2.06 1.26126
2.07 1.2596
2.08 1.25811
2.09 1.25678
2.1 1.2556
2.11 1.2546
2.12 1.25376
2.13 1.2531
2.14 1.25261
2.15 1.25231
2.16 1.25219
2.17 1.25225
2.18 1.2525
2.19 1.25295
2.2 1.25359
2.21 1.25443
2.22 1.25548
2.23 1.25673
2.24 1.25819
2.25 1.25986
2.26 1.26176
2.27 1.26387
2.28 1.2662
2.29 1.26876
2.3 1.27155
2.31 1.27457
2.32 1.27782
2.33 1.28132
2.34 1.28506
2.35 1.28905
2.36 1.29328
2.37 1.29777
2.38 1.30252
2.39 1.30752
2.4 1.31279
2.41 1.31832
2.42 1.32412
2.43 1.3302
2.44 1.33655
2.45 1.34318
2.46 1.35009
2.47 1.35728
2.48 1.36475
2.49 1.37249
2.5 1.3805
2.51 1.38876
2.52 1.39727
2.53 1.40603
2.54 1.41503
2.55 1.42427
2.56 1.43374
2.57 1.44343
2.58 1.45334
2.59 1.46346
2.6 1.4738
2.61 1.48433
2.62 1.49505
2.63 1.50597
2.64 1.51707
2.65 1.52836
2.66 1.53981
2.67 1.55143
2.68 1.56321
2.69 1.57515
2.7 1.58724
2.71 1.59947
2.72 1.61185
2.73 1.62435
2.74 1.63698
2.75 1.64974
2.76 1.66261
2.77 1.67559
2.78 1.68868
2.79 1.70186
2.8 1.71514
2.81 1.7285
2.82 1.74195
2.83 1.75548
2.84 1.76907
2.85 1.78273
2.86 1.79645
2.87 1.81022
2.88 1.82404
2.89 1.8379
2.9 1.8518
2.91 1.86573
2.92 1.87968
2.93 1.89365
2.94 1.90764
2.95 1.92163
2.96 1.93563
2.97 1.94962
2.98 1.96361
2.99 1.97757
3 1.99152
3.01 2.00544
3.02 2.01934
3.03 2.03319
3.04 2.047
3.05 2.06076
3.06 2.07446
3.07 2.08811
3.08 2.10169
3.09 2.11521
3.1 2.12869
3.11 2.14214
3.12 2.15556
3.13 2.16897
3.14 2.18238
3.15 2.1958
3.16 2.20924
3.17 2.22271
3.18 2.23622
3.19 2.24978
3.2 2.26341
3.21 2.27711
3.22 2.2909
3.23 2.30479
3.24 2.31878
3.25 2.33289
3.26 2.34713
3.27 2.36152
3.28 2.37605
3.29 2.39074
3.3 2.40561
3.31 2.42066
3.32 2.43591
3.33 2.45136
3.34 2.46703
3.35 2.48293
3.36 2.49907
3.37 2.51545
3.38 2.5321
3.39 2.54902
3.4 2.56622
3.41 2.58371
3.42 2.6015
3.43 2.61962
3.44 2.63805
3.45 2.65683
3.46 2.67595
3.47 2.69543
3.48 2.71528
3.49 2.73551
3.5 2.75614
3.51 2.77716
3.52 2.7986
3.53 2.82046
3.54 2.84276
3.55 2.8655
3.56 2.8887
3.57 2.91237
3.58 2.93652
3.59 2.96115
3.6 2.98629
3.61 3.01194
3.62 3.03811
3.63 3.06481
3.64 3.09203
3.65 3.11977
3.66 3.148
3.67 3.17672
3.68 3.20591
3.69 3.23556
3.7 3.26565
3.71 3.29618
3.72 3.32712
3.73 3.35847
3.74 3.39021
3.75 3.42232
3.76 3.45481
3.77 3.48764
3.78 3.52082
3.79 3.55432
3.8 3.58814
3.81 3.62225
3.82 3.65665
3.83 3.69133
3.84 3.72626
3.85 3.76144
3.86 3.79686
3.87 3.8325
3.88 3.86834
3.89 3.90438
3.9 3.9406
3.91 3.97698
3.92 4.01352
3.93 4.0502
3.94 4.08702
3.95 4.12394
3.96 4.16097
3.97 4.19809
3.98 4.23528
3.99 4.27253
4 4.30983
4.01 4.34717
4.02 4.38453
4.03 4.42191
4.04 4.45927
4.05 4.49662
4.06 4.53394
4.07 4.57122
4.08 4.60844
4.09 4.64559
4.1 4.68266
4.11 4.71963
4.12 4.7565
4.13 4.79324
4.14 4.82984
4.15 4.8663
4.16 4.9026
4.17 4.93871
4.18 4.97465
4.19 5.01038
4.2 5.04589
4.21 5.08118
4.22 5.11622
4.23 5.15101
4.24 5.18554
4.25 5.21978
4.26 5.25373
4.27 5.28737
4.28 5.3207
4.29 5.35368
4.3 5.38633
4.31 5.41861
4.32 5.45052
4.33 5.48204
4.34 5.51316
4.35 5.54388
4.36 5.57416
4.37 5.60401
4.38 5.6334
4.39 5.66233
4.4 5.69078
4.41 5.71874
4.42 5.74619
4.43 5.77313
4.44 5.79953
4.45 5.82539
4.46 5.85069
4.47 5.87542
4.48 5.89957
4.49 5.92312
4.5 5.94606
4.51 5.96838
4.52 5.99006
4.53 6.01109
4.54 6.03147
4.55 6.05123
4.56 6.07035
4.57 6.08885
4.58 6.10673
4.59 6.124
4.6 6.14068
4.61 6.15676
4.62 6.17225
4.63 6.18716
4.64 6.20151
4.65 6.21528
4.66 6.2285
4.67 6.24116
4.68 6.25329
4.69 6.26487
4.7 6.27593
4.71 6.28646
4.72 6.29648
4.73 6.30599
4.74 6.315
4.75 6.32352
4.76 6.33154
4.77 6.33909
4.78 6.34617
4.79 6.35278
4.8 6.35893
4.81 6.36464
4.82 6.36989
4.83 6.37472
4.84 6.37911
4.85 6.38308
4.86 6.38663
4.87 6.38978
4.88 6.39252
4.89 6.39487
4.9 6.39684
4.91 6.39842
4.92 6.39964
4.93 6.40048
4.94 6.40097
4.95 6.40111
4.96 6.40091
4.97 6.40036
4.98 6.39949
4.99 6.3983
5 6.39679
5.01 6.39497
5.02 6.39285
5.03 6.39044
5.04 6.38774
5.05 6.38477
5.06 6.38152
5.07 6.378
5.08 6.37423
5.09 6.3702
5.1 6.36593
5.11 6.36143
5.12 6.3567
5.13 6.35174
5.14 6.34657
5.15 6.34119
5.16 6.33561
5.17 6.32983
5.18 6.32387
5.19 6.31773
5.2 6.31142
5.21 6.30494
5.22 6.29831
5.23 6.29152
5.24 6.28459
5.25 6.27752
5.26 6.27033
5.27 6.26301
5.28 6.25558
5.29 6.24804
5.3 6.24039
5.31 6.23266
5.32 6.22484
5.33 6.21693
5.34 6.20896
5.35 6.20092
5.36 6.19282
5.37 6.18468
5.38 6.17649
5.39 6.16826
5.4 6.16
5.41 6.15172
5.42 6.14343
5.43 6.13513
5.44 6.12682
5.45 6.11853
5.46 6.11024
5.47 6.10198
5.48 6.09375
5.49 6.08555
5.5 6.07739
5.51 6.06928
5.52 6.06123
5.53 6.05324
5.54 6.04533
5.55 6.03749
5.56 6.02973
5.57 6.02207
5.58 6.01451
5.59 6.00705
5.6 5.99971
5.61 5.99249
5.62 5.98539
5.63 5.97843
5.64 5.97162
5.65 5.96495
5.66 5.95844
5.67 5.95209
5.68 5.94591
5.69 5.93991
5.7 5.9341
5.71 5.92848
5.72 5.92306
5.73 5.91784
5.74 5.91284
5.75 5.90806
5.76 5.90351
5.77 5.89919
5.78 5.89511
5.79 5.89129
5.8 5.88772
5.81 5.88441
5.82 5.88138
5.83 5.87862
5.84 5.87615
5.85 5.87397
5.86 5.87209
5.87 5.87051
5.88 5.86924
5.89 5.86827
5.9 5.8676
5.91 5.86722
5.92 5.86713
5.93 5.86733
5.94 5.86782
5.95 5.86859
5.96 5.86963
5.97 5.87096
5.98 5.87256
5.99 5.87442
6 5.87656
6.01 5.87895
6.02 5.88161
6.03 5.88453
6.04 5.8877
6.05 5.89112
6.06 5.89479
6.07 5.8987
6.08 5.90286
6.09 5.90726
6.1 5.91189
6.11 5.91675
6.12 5.92185
6.13 5.92717
6.14 5.93272
6.15 5.93848
6.16 5.94447
6.17 5.95066
6.18 5.95707
6.19 5.96369
6.2 5.97051
6.21 5.97754
6.22 5.98476
6.23 5.99218
6.24 5.99979
6.25 6.0076
6.26 6.01559
6.27 6.02376
6.28 6.03211
6.29 6.04064
6.3 6.04935
6.31 6.05822
6.32 6.06727
6.33 6.07648
6.34 6.08585
6.35 6.09538
6.36 6.10507
6.37 6.1149
6.38 6.12489
6.39 6.13503
6.4 6.14531
6.41 6.15573
6.42 6.16628
6.43 6.17698
6.44 6.1878
6.45 6.19875
6.46 6.20982
6.47 6.22102
6.48 6.23234
6.49 6.24377
6.5 6.25532
6.51 6.26697
6.52 6.27873
6.53 6.2906
6.54 6.30256
6.55 6.31462
6.56 6.32678
6.57 6.33903
6.58 6.35136
6.59 6.36378
6.6 6.37629
6.61 6.38887
6.62 6.40153
6.63 6.41426
6.64 6.42706
6.65 6.43992
6.66 6.45285
6.67 6.46584
6.68 6.47889
6.69 6.49199
6.7 6.50514
6.71 6.51834
6.72 6.53159
6.73 6.54487
6.74 6.5582
6.75 6.57156
6.76 6.58496
6.77 6.59838
6.78 6.61183
6.79 6.6253
6.8 6.6388
6.81 6.65231
6.82 6.66583
6.83 6.67937
6.84 6.69291
6.85 6.70646
6.86 6.72001
6.87 6.73356
6.88 6.7471
6.89 6.76064
6.9 6.77417
6.91 6.78768
6.92 6.80118
6.93 6.81466
6.94 6.82811
6.95 6.84154
6.96 6.85494
6.97 6.8683
6.98 6.88163
6.99 6.89493
7 6.90818
7.01 6.92139
7.02 6.93455
7.03 6.94766
7.04 6.96071
7.05 6.97371
7.06 6.98665
7.07 6.99953
7.08 7.01234
7.09 7.02508
7.1 7.03774
7.11 7.05034
7.12 7.06285
7.13 7.07529
7.14 7.08764
7.15 7.0999
7.16 7.11207
7.17 7.12415
7.18 7.13613
7.19 7.14801
7.2 7.15978
7.21 7.17145
7.22 7.18302
7.23 7.19447
7.24 7.2058
7.25 7.21702
7.26 7.22811
7.27 7.23908
7.28 7.24992
7.29 7.26064
7.3 7.27121
7.31 7.28165
7.32 7.29196
7.33 7.30211
7.34 7.31213
7.35 7.322
7.36 7.33173
7.37 7.34133
7.38 7.3508
7.39 7.36014
7.4 7.36935
7.41 7.37844
7.42 7.38742
7.43 7.39628
7.44 7.40503
7.45 7.41367
7.46 7.42221
7.47 7.43065
7.48 7.43899
7.49 7.44723
7.5 7.45539
7.51 7.46346
7.52 7.47144
7.53 7.47934
7.54 7.48717
7.55 7.49493
7.56 7.50261
7.57 7.51023
7.58 7.51778
7.59 7.52528
7.6 7.53272
7.61 7.5401
7.62 7.54744
7.63 7.55473
7.64 7.56197
7.65 7.56918
7.66 7.57635
7.67 7.58349
7.68 7.5906
7.69 7.59769
7.7 7.60475
7.71 7.6118
7.72 7.61883
7.73 7.62584
7.74 7.63285
7.75 7.63985
7.76 7.64686
7.77 7.65386
7.78 7.66087
7.79 7.66789
7.8 7.67492
7.81 7.68196
7.82 7.68902
7.83 7.69611
7.84 7.70322
7.85 7.71036
7.86 7.71753
7.87 7.72474
7.88 7.73199
7.89 7.73928
7.9 7.74662
7.91 7.75401
7.92 7.76145
7.93 7.76894
7.94 7.7765
7.95 7.78412
7.96 7.79181
7.97 7.79956
7.98 7.80739
7.99 7.8153
8 7.82329
8.01 7.83136
8.02 7.83951
8.03 7.84776
8.04 7.85611
8.05 7.86455
8.06 7.87309
8.07 7.88173
8.08 7.89048
8.09 7.89935
8.1 7.90833
8.11 7.91742
8.12 7.92664
8.13 7.93598
8.14 7.94545
8.15 7.95506
8.16 7.96479
8.17 7.97467
8.18 7.98469
8.19 7.99485
8.2 8.00516
8.21 8.01563
8.22 8.02624
8.23 8.03702
8.24 8.04796
8.25 8.05907
8.26 8.07034
8.27 8.08179
8.28 8.09342
8.29 8.10522
8.3 8.11721
8.31 8.12938
8.32 8.14174
8.33 8.1543
8.34 8.16705
8.35 8.18
8.36 8.19316
8.37 8.20652
8.38 8.22009
8.39 8.23388
8.4 8.24788
8.41 8.2621
8.42 8.27655
8.43 8.29122
8.44 8.30613
8.45 8.32127
8.46 8.33664
8.47 8.35226
8.48 8.36812
8.49 8.38423
8.5 8.40059
8.51 8.4172
8.52 8.43406
8.53 8.45114
8.54 8.46846
8.55 8.48599
8.56 8.50374
8.57 8.5217
8.58 8.53986
8.59 8.55821
8.6 8.57675
8.61 8.59547
8.62 8.61436
8.63 8.63341
8.64 8.65262
8.65 8.67199
8.66 8.6915
8.67 8.71115
8.68 8.73092
8.69 8.75083
8.7 8.77084
8.71 8.79097
8.72 8.8112
8.73 8.83153
8.74 8.85194
8.75 8.87244
8.76 8.89301
8.77 8.91365
8.78 8.93435
8.79 8.95511
8.8 8.97591
8.81 8.99675
8.82 9.01763
8.83 9.03853
8.84 9.05945
8.85 9.08038
8.86 9.10132
8.87 9.12225
8.88 9.14318
8.89 9.16409
8.9 9.18498
8.91 9.20584
8.92 9.22666
8.93 9.24744
8.94 9.26817
8.95 9.28884
8.96 9.30944
8.97 9.32998
8.98 9.35043
8.99 9.3708
9 9.39108
9.01 9.41126
9.02 9.43133
9.03 9.45129
9.04 9.47113
9.05 9.49084
9.06 9.51042
9.07 9.52986
9.08 9.54915
9.09 9.56828
9.1 9.58725
9.11 9.60606
9.12 9.62468
9.13 9.64312
9.14 9.66138
9.15 9.67943
9.16 9.69729
9.17 9.71493
9.18 9.73235
9.19 9.74955
9.2 9.76652
