0 1
0.01 1.75126
0.02 2.46986
0.03 3.15666
0.04 3.81255
0.05 4.43837
0.06 5.03495
0.07 5.6031
0.08 6.14362
0.09 6.6573
0.1 7.1449
0.11 7.60718
0.12 8.04486
0.13 8.45867
0.14 8.84932
0.15 9.21749
0.16 9.56387
0.17 9.88911
0.18 10.1939
0.19 10.4788
0.2 10.7445
0.21 10.9915
0.22 11.2206
0.23 11.4322
0.24 11.6269
0.25 11.8053
0.26 11.9679
0.27 12.1153
0.28 12.2479
0.29 12.3664
0.3 12.4711
0.31 12.5627
0.32 12.6414
0.33 12.7079
0.34 12.7625
0.35 12.8058
0.36 12.838
0.37 12.8598
0.38 12.8714
0.39 12.8732
0.4 12.8658
0.41 12.8494
0.42 12.8244
0.43 12.7911
0.44 12.7501
0.45 12.7015
0.46 12.6457
0.47 12.583
0.48 12.5139
0.49 12.4385
0.5 12.3571
0.51 12.2702
0.52 12.1779
0.53 12.0806
0.54 11.9784
0.55 11.8718
0.56 11.7609
0.57 11.6459
0.58 11.5272
0.59 11.4049
0.6 11.2794
0.61 11.1507
0.62 11.0192
0.63 10.885
0.64 10.7484
0.65 10.6094
0.66 10.4685
0.67 10.3256
0.68 10.181
0.69 10.0349
0.7 9.88738
0.71 9.73869
0.72 9.58894
0.73 9.4383
0.74 9.28691
0.75 9.13491
0.76 8.98243
0.77 8.82962
0.78 8.67659
0.79 8.52347
0.8 8.37037
0.81 8.21742
0.82 8.06472
0.83 7.91237
0.84 7.76047
0.85 7.60913
0.86 7.45843
0.87 7.30846
0.88 7.15931
0.89 7.01107
0.9 6.8638
0.91 6.71758
0.92 6.57249
0.93 6.42859
0.94 6.28595
0.95 6.14462
0.96 6.00467
0.97 5.86614
0.98 5.7291
0.99 5.59359
1 5.45966
1.01 5.32735
1.02 5.1967
1.03 5.06775
1.04 4.94054
1.05 4.8151
1.06 4.69146
1.07 4.56965
1.08 4.44969
1.09 4.33162
1.1 4.21545
1.11 4.1012
1.12 3.98889
1.13 3.87854
1.14 3.77016
1.15 3.66376
1.16 3.55936
1.17 3.45696
1.18 3.35656
1.19 3.25819
1.2 3.16183
1.21 3.0675
1.22 2.97518
1.23 2.88489
1.24 2.79662
1.25 2.71037
1.26 2.62613
1.27 2.5439
1.28 2.46367
1.29 2.38543
1.3 2.30917
1.31 2.23489
1.32 2.16256
1.33 2.09219
1.34 2.02376
1.35 1.95725
1.36 1.89264
1.37 1.82993
1.38 1.7691
1.39 1.71012
1.4 1.65299
1.41 1.59768
1.42 1.54417
1.43 1.49244
1.44 1.44248
1.45 1.39426
1.46 1.34777
1.47 1.30297
1.48 1.25985
1.49 1.21838
1.5 1.17855
1.51 1.14032
1.52 1.10367
1.53 1.06859
1.54 1.03504
1.55 1.003
1.56 0.972444
1.57 0.94335
1.58 0.91569
1.59 0.88944
1.6 0.864572
1.61 0.841063
1.62 0.818885
1.63 0.798012
1.64 0.778419
1.65 0.760079
1.66 0.742966
1.67 0.727054
1.68 0.712317
1.69 0.698728
1.7 0.686262
1.71 0.674892
1.72 0.664592
1.73 0.655337
1.74 0.6471
1.75 0.639856
1.76 0.633579
1.77 0.628244
1.78 0.623826
1.79 0.620299
1.8 0.617638
1.81 0.615819
1.82 0.614818
1.83 0.614609
1.84 0.615169
1.85 0.616474
1.86 0.6185
1.87 0.621224
1.88 0.624623
1.89 0.628673
1.9 0.633353
1.91 0.63864
1.92 0.644512
1.93 0.650947
1.94 0.657923
1.95 0.665421
1.96 0.673418
1.97 0.681895
1.98 0.690831
1.99 0.700207
2 0.710003
2.01 0.7202
2.02 0.730778
2.03 0.741721
2.04 0.753009
2.05 0.764625
2.06 0.776551
2.07 0.788771
2.08 0.801268
2.09 0.814025
2.1 0.827027
2.11 0.840258
2.12 0.853702
2.13 0.867346
2.14 0.881174
2.15 0.895173
2.16 0.909329
2.17 0.923628
2.18 0.938058
2.19 0.952605
2.2 0.967259
2.21 0.982006
2.22 0.996835
2.23 1.01174
2.24 1.0267
2.25 1.04171
2.26 1.05676
2.27 1.07184
2.28 1.08695
2.29 1.10206
2.3 1.11719
2.31 1.1323
2.32 1.1474
2.33 1.16249
2.34 1.17755
2.35 1.19257
2.36 1.20755
2.37 1.22249
2.38 1.23738
2.39 1.2522
2.4 1.26697
2.41 1.28167
2.42 1.29629
2.43 1.31084
2.44 1.32531
2.45 1.3397
2.46 1.354
2.47 1.36821
2.48 1.38233
2.49 1.39635
2.5 1.41028
2.51 1.4241
2.52 1.43783
2.53 1.45146
2.54 1.46499
2.55 1.47841
2.56 1.49173
2.57 1.50494
2.58 1.51806
2.59 1.53107
2.6 1.54397
2.61 1.55678
2.62 1.56948
2.63 1.58209
2.64 1.5946
2.65 1.60701
2.66 1.61933
2.67 1.63155
2.68 1.64369
2.69 1.65573
2.7 1.6677
2.71 1.67958
2.72 1.69138
2.73 1.70311
2.74 1.71476
2.75 1.72635
2.76 1.73787
2.77 1.74933
2.78 1.76073
2.79 1.77208
2.8 1.78338
2.81 1.79464
2.82 1.80585
2.83 1.81703
2.84 1.82818
2.85 1.8393
2.86 1.85041
2.87 1.86149
2.88 1.87257
2.89 1.88364
2.9 1.89471
2.91 1.90578
2.92 1.91687
2.93 1.92797
2.94 1.93909
2.95 1.95024
2.96 1.96142
2.97 1.97264
2.98 1.9839
2.99 1.99521
3 2.00658
3.01 2.01801
3.02 2.02951
3.03 2.04108
3.04 2.05273
3.05 2.06446
3.06 2.07628
3.07 2.0882
3.08 2.10022
3.09 2.11235
3.1 2.12459
3.11 2.13695
3.12 2.14944
3.13 2.16205
3.14 2.17481
3.15 2.1877
3.16 2.20074
3.17 2.21394
3.18 2.22729
3.19 2.24081
3.2 2.25449
3.21 2.26835
3.22 2.28239
3.23 2.29661
3.24 2.31103
3.25 2.32564
3.26 2.34044
3.27 2.35545
3.28 2.37068
3.29 2.38611
3.3 2.40176
3.31 2.41764
3.32 2.43374
3.33 2.45007
3.34 2.46664
3.35 2.48344
3.36 2.50049
3.37 2.51778
3.38 2.53533
3.39 2.55313
3.4 2.57118
3.41 2.5895
3.42 2.60808
3.43 2.62692
3.44 2.64603
3.45 2.66542
3.46 2.68508
3.47 2.70502
3.48 2.72523
3.49 2.74573
3.5 2.76651
3.51 2.78757
3.52 2.80892
3.53 2.83056
3.54 2.85249
3.55 2.8747
3.56 2.89721
3.57 2.92002
3.58 2.94311
3.59 2.9665
3.6 2.99018
3.61 3.01416
3.62 3.03843
3.63 3.063
3.64 3.08786
3.65 3.11302
3.66 3.13846
3.67 3.1642
3.68 3.19024
3.69 3.21656
3.7 3.24317
3.71 3.27007
3.72 3.29726
3.73 3.32473
3.74 3.35249
3.75 3.38052
3.76 3.40884
3.77 3.43743
3.78 3.46629
3.79 3.49543
3.8 3.52483
3.81 3.5545
3.82 3.58443
3.83 3.61462
3.84 3.64506
3.85 3.67576
3.86 3.7067
3.87 3.73789
3.88 3.76932
3.89 3.80098
3.9 3.83287
3.91 3.86499
3.92 3.89733
3.93 3.92989
3.94 3.96265
3.95 3.99563
3.96 4.0288
3.97 4.06217
3.98 4.09574
3.99 4.12948
4 4.1634
4.01 4.1975
4.02 4.23176
4.03 4.26618
4.04 4.30076
4.05 4.33548
4.06 4.37034
4.07 4.40534
4.08 4.44046
4.09 4.4757
4.1 4.51105
4.11 4.54651
4.12 4.58207
4.13 4.61771
4.14 4.65344
4.15 4.68925
4.16 4.72512
4.17 4.76105
4.18 4.79703
4.19 4.83305
4.2 4.86911
4.21 4.9052
4.22 4.94131
4.23 4.97742
4.24 5.01354
4.25 5.04965
4.26 5.08575
4.27 5.12182
4.28 5.15786
4.29 5.19385
4.3 5.2298
4.31 5.26569
4.32 5.30151
4.33 5.33725
4.34 5.3729
4.35 5.40846
4.36 5.44392
4.37 5.47926
4.38 5.51448
4.39 5.54957
4.4 5.58451
4.41 5.61931
4.42 5.65394
4.43 5.68841
4.44 5.7227
4.45 5.7568
4.46 5.7907
4.47 5.8244
4.48 5.85788
4.49 5.89113
4.5 5.92416
4.51 5.95693
4.52 5.98946
4.53 6.02173
4.54 6.05372
4.55 6.08543
4.56 6.11686
4.57 6.14799
4.58 6.17881
4.59 6.20931
4.6 6.23949
4.61 6.26933
4.62 6.29883
4.63 6.32799
4.64 6.35678
4.65 6.3852
4.66 6.41324
4.67 6.4409
4.68 6.46817
4.69 6.49503
4.7 6.52148
4.71 6.54752
4.72 6.57312
4.73 6.5983
4.74 6.62303
4.75 6.64731
4.76 6.67113
4.77 6.69449
4.78 6.71737
4.79 6.73978
4.8 6.7617
4.81 6.78312
4.82 6.80405
4.83 6.82446
4.84 6.84436
4.85 6.86375
4.86 6.8826
4.87 6.90092
4.88 6.91871
4.89 6.93594
4.9 6.95263
4.91 6.96876
4.92 6.98433
4.93 6.99934
4.94 7.01377
4.95 7.02762
4.96 7.04089
4.97 7.05358
4.98 7.06567
4.99 7.07718
5 7.08808
5.01 7.09838
5.02 7.10807
5.03 7.11716
5.04 7.12563
5.05 7.13349
5.06 7.14072
5.07 7.14734
5.08 7.15333
5.09 7.1587
5.1 7.16343
5.11 7.16754
5.12 7.17102
5.13 7.17386
5.14 7.17607
5.15 7.17765
5.16 7.17859
5.17 7.17889
5.18 7.17856
5.19 7.17759
5.2 7.17598
5.21 7.17374
5.22 7.17086
5.23 7.16735
5.24 7.1632
5.25 7.15842
5.26 7.15301
5.27 7.14697
5.28 7.1403
5.29 7.13301
5.3 7.1251
5.31 7.11657
5.32 7.10742
5.33 7.09766
5.34 7.08728
5.35 7.07631
5.36 7.06472
5.37 7.05254
5.38 7.03977
5.39 7.02641
5.4 7.01246
5.41 6.99793
5.42 6.98283
5.43 6.96716
5.44 6.95093
5.45 6.93414
5.46 6.91681
5.47 6.89893
5.48 6.88051
5.49 6.86156
5.5 6.84209
5.51 6.8221
5.52 6.80161
5.53 6.78062
5.54 6.75913
5.55 6.73717
5.56 6.71473
5.57 6.69182
5.58 6.66846
5.59 6.64465
5.6 6.62041
5.61 6.59574
5.62 6.57065
5.63 6.54515
5.64 6.51926
5.65 6.49298
5.66 6.46632
5.67 6.43931
5.68 6.41193
5.69 6.38422
5.7 6.35618
5.71 6.32782
5.72 6.29916
5.73 6.2702
5.74 6.24096
5.75 6.21145
5.76 6.18169
5.77 6.15168
5.78 6.12145
5.79 6.091
5.8 6.06034
5.81 6.0295
5.82 5.99849
5.83 5.96731
5.84 5.93599
5.85 5.90453
5.86 5.87296
5.87 5.84129
5.88 5.80952
5.89 5.77769
5.9 5.74579
5.91 5.71385
5.92 5.68189
5.93 5.64991
5.94 5.61794
5.95 5.58598
5.96 5.55406
5.97 5.52219
5.98 5.49039
5.99 5.45867
6 5.42704
6.01 5.39554
6.02 5.36416
6.03 5.33293
6.04 5.30186
6.05 5.27098
6.06 5.24029
6.07 5.20982
6.08 5.17957
6.09 5.14957
6.1 5.11984
6.11 5.09038
6.12 5.06122
6.13 5.03237
6.14 5.00386
6.15 4.97569
6.16 4.94788
6.17 4.92046
6.18 4.89343
6.19 4.86681
6.2 4.84063
6.21 4.81489
6.22 4.78961
6.23 4.76481
6.24 4.74051
6.25 4.71672
6.26 4.69346
6.27 4.67074
6.28 4.64859
6.29 4.62701
6.3 4.60602
6.31 4.58564
6.32 4.56589
6.33 4.54677
6.34 4.52831
6.35 4.51052
6.36 4.49341
6.37 4.47701
6.38 4.46132
6.39 4.44636
6.4 4.43214
6.41 4.41868
6.42 4.40599
6.43 4.39409
6.44 4.38299
6.45 4.37271
6.46 4.36324
6.47 4.35462
6.48 4.34686
6.49 4.33995
6.5 4.33393
6.51 4.32879
6.52 4.32455
6.53 4.32123
6.54 4.31883
6.55 4.31736
6.56 4.31684
6.57 4.31728
6.58 4.31868
6.59 4.32106
6.6 4.32442
6.61 4.32877
6.62 4.33413
6.63 4.34049
6.64 4.34788
6.65 4.35629
6.66 4.36574
6.67 4.37623
6.68 4.38776
6.69 4.40034
6.7 4.41399
6.71 4.4287
6.72 4.44448
6.73 4.46133
6.74 4.47926
6.75 4.49827
6.76 4.51836
6.77 4.53954
6.78 4.56181
6.79 4.58517
6.8 4.60963
6.81 4.63517
6.82 4.66181
6.83 4.68955
6.84 4.71837
6.85 4.74829
6.86 4.7793
6.87 4.8114
6.88 4.84458
6.89 4.87885
6.9 4.91419
6.91 4.95061
6.92 4.9881
6.93 5.02665
6.94 5.06627
6.95 5.10693
6.96 5.14864
6.97 5.19139
6.98 5.23517
6.99 5.27997
7 5.32579
7.01 5.3726
7.02 5.42041
7.03 5.4692
7.04 5.51897
7.05 5.56969
7.06 5.62135
7.07 5.67395
7.08 5.72747
7.09 5.78189
7.1 5.8372
7.11 5.89338
7.12 5.95042
7.13 6.0083
7.14 6.06701
7.15 6.12651
7.16 6.18681
7.17 6.24787
7.18 6.30968
7.19 6.37222
7.2 6.43546
7.21 6.49939
7.22 6.56398
7.23 6.62921
7.24 6.69505
7.25 6.76149
7.26 6.82849
7.27 6.89604
7.28 6.9641
7.29 7.03265
7.3 7.10166
7.31 7.17111
7.32 7.24096
7.33 7.3112
7.34 7.38178
7.35 7.45268
7.36 7.52387
7.37 7.59531
7.38 7.66699
7.39 7.73885
7.4 7.81088
7.41 7.88303
7.42 7.95528
7.43 8.02759
7.44 8.09993
7.45 8.17226
7.46 8.24454
7.47 8.31674
7.48 8.38883
7.49 8.46075
7.5 8.53249
7.51 8.604
7.52 8.67524
7.53 8.74617
7.54 8.81676
7.55 8.88696
7.56 8.95674
7.57 9.02605
7.58 9.09486
7.59 9.16312
7.6 9.23079
7.61 9.29784
7.62 9.36421
7.63 9.42988
7.64 9.49478
7.65 9.5589
7.66 9.62217
7.67 9.68456
7.68 9.74603
7.69 9.80652
7.7 9.86601
7.71 9.92445
7.72 9.98178
7.73 10.038
7.74 10.093
7.75 10.1468
7.76 10.1993
7.77 10.2505
7.78 10.3004
7.79 10.3488
7.8 10.3958
7.81 10.4413
7.82 10.4853
7.83 10.5278
7.84 10.5686
7.85 10.6078
7.86 10.6452
7.87 10.681
7.88 10.7149
7.89 10.7471
7.9 10.7774
7.91 10.8058
7.92 10.8322
7.93 10.8567
7.94 10.8792
7.95 10.8997
7.96 10.918
7.97 10.9343
7.98 10.9484
7.99 10.9603
8 10.97
8.01 10.9775
8.02 10.9827
8.03 10.9855
8.04 10.9861
8.05 10.9843
8.06 10.98
8.07 10.9734
8.08 10.9643
8.09 10.9528
8.1 10.9388
8.11 10.9223
8.12 10.9032
8.13 10.8816
8.14 10.8575
8.15 10.8308
8.16 10.8015
8.17 10.7697
8.18 10.7352
8.19 10.6981
8.2 10.6584
8.21 10.6162
8.22 10.5713
8.23 10.5238
8.24 10.4736
8.25 10.4209
8.26 10.3656
8.27 10.3078
8.28 10.2473
8.29 10.1844
8.3 10.1188
8.31 10.0508
8.32 9.98034
8.33 9.90739
8.34 9.83203
8.35 9.75427
8.36 9.67416
8.37 9.59174
8.38 9.50705
8.39 9.42014
8.4 9.33106
8.41 9.23986
8.42 9.1466
8.43 9.05135
8.44 8.95417
8.45 8.85512
8.46 8.75428
8.47 8.65173
8.48 8.54755
8.49 8.44183
8.5 8.33466
8.51 8.22612
8.52 8.11633
8.53 8.00539
8.54 7.89341
8.55 7.78049
8.56 7.66677
8.57 7.55237
8.58 7.43741
8.59 7.32203
8.6 7.20639
8.61 7.09061
8.62 6.97486
8.63 6.85929
8.64 6.74407
8.65 6.62937
8.66 6.51537
8.67 6.40226
8.68 6.29021
8.69 6.17944
8.7 6.07015
8.71 5.96254
8.72 5.85683
8.73 5.75326
8.74 5.65206
8.75 5.55346
8.76 5.45771
8.77 5.36508
8.78 5.27582
8.79 5.19021
8.8 5.10853
8.81 5.03107
8.82 4.95813
8.83 4.89002
8.84 4.82705
8.85 4.76954
8.86 4.71784
8.87 4.67228
8.88 4.63322
8.89 4.60103
8.9 4.57607
8.91 4.55873
8.92 4.54941
8.93 4.54851
8.94 4.55644
8.95 4.57364
8.96 4.60053
8.97 4.63758
8.98 4.68523
8.99 4.74396
9 4.81426
9.01 4.89662
9.02 4.99155
9.03 5.09957
9.04 5.22121
9.05 5.35702
9.06 5.50756
9.07 5.6734
9.08 5.85513
9.09 6.05334
9.1 6.26867
9.11 6.50172
9.12 6.75315
9.13 7.0236
9.14 7.31377
9.15 7.62432
9.16 7.95597
9.17 8.30943
9.18 8.68544
9.19 9.08474
9.2 9.50812
