0 1
0.01 1.00938
0.02 1.01864
0.03 1.02779
0.04 1.03683
0.05 1.04575
0.06 1.05456
0.07 1.06325
0.08 1.07184
0.09 1.08032
0.1 1.08869
0.11 1.09694
0.12 1.1051
0.13 1.11314
0.14 1.12108
0.15 1.12891
0.16 1.13664
0.17 1.14426
0.18 1.15178
0.19 1.1592
0.2 1.16652
0.21 1.17374
0.22 1.18085
0.23 1.18787
0.24 1.19479
0.25 1.20161
0.26 1.20834
0.27 1.21497
0.28 1.2215
0.29 1.22794
0.3 1.23429
0.31 1.24054
0.32 1.2467
0.33 1.25277
0.34 1.25875
0.35 1.26464
0.36 1.27044
0.37 1.27615
0.38 1.28178
0.39 1.28731
0.4 1.29277
0.41 1.29813
0.42 1.30342
0.43 1.30862
0.44 1.31373
0.45 1.31877
0.46 1.32372
0.47 1.32859
0.48 1.33339
0.49 1.3381
0.5 1.34274
0.51 1.3473
0.52 1.35178
0.53 1.35619
0.54 1.36052
0.55 1.36478
0.56 1.36897
0.57 1.37308
0.58 1.37712
0.59 1.38109
0.6 1.38499
0.61 1.38882
0.62 1.39258
0.63 1.39627
0.64 1.3999
0.65 1.40346
0.66 1.40695
0.67 1.41038
0.68 1.41375
0.69 1.41705
0.7 1.42029
0.71 1.42347
0.72 1.42659
0.73 1.42965
0.74 1.43264
0.75 1.43558
0.76 1.43847
0.77 1.44129
0.78 1.44406
0.79 1.44677
0.8 1.44943
0.81 1.45204
0.82 1.45459
0.83 1.45709
0.84 1.45954
0.85 1.46194
0.86 1.46429
0.87 1.46659
0.88 1.46884
0.89 1.47104
0.9 1.4732
0.91 1.47531
0.92 1.47737
0.93 1.47939
0.94 1.48137
0.95 1.4833
0.96 1.48519
0.97 1.48705
0.98 1.48886
0.99 1.49063
1 1.49236
1.01 1.49405
1.02 1.49571
1.03 1.49733
1.04 1.49891
1.05 1.50046
1.06 1.50197
1.07 1.50345
1.08 1.5049
1.09 1.50632
1.1 1.5077
1.11 1.50906
1.12 1.51038
1.13 1.51168
1.14 1.51294
1.15 1.51419
1.16 1.5154
1.17 1.51659
1.18 1.51775
1.19 1.51889
1.2 1.52001
1.21 1.5211
1.22 1.52217
1.23 1.52322
1.24 1.52426
1.25 1.52527
1.26 1.52626
1.27 1.52723
1.28 1.52819
1.29 1.52913
1.3 1.53006
1.31 1.53097
1.32 1.53187
1.33 1.53275
1.34 1.53362
1.35 1.53448
1.36 1.53533
1.37 1.53617
1.38 1.537
1.39 1.53782
1.4 1.53864
1.41 1.53944
1.42 1.54024
1.43 1.54094
1.44 1.54139
1.45 1.54162
1.46 1.54161
1.47 1.54139
1.48 1.54094
1.49 1.54029
1.5 1.53944
1.51 1.53838
1.52 1.53713
1.53 1.53569
1.54 1.53407
1.55 1.53227
1.56 1.5303
1.57 1.52816
1.58 1.52587
1.59 1.52342
1.6 1.52082
1.61 1.51807
1.62 1.51519
1.63 1.51217
1.64 1.50903
1.65 1.50577
1.66 1.50239
1.67 1.4989
1.68 1.49531
1.69 1.49161
1.7 1.48782
1.71 1.48395
1.72 1.47999
1.73 1.47596
1.74 1.47185
1.75 1.46768
1.76 1.46344
1.77 1.45916
1.78 1.45482
1.79 1.45044
1.8 1.44602
1.81 1.44157
1.82 1.4371
1.83 1.4326
1.84 1.42808
1.85 1.42356
1.86 1.41903
1.87 1.4145
1.88 1.40998
1.89 1.40547
1.9 1.40098
1.91 1.39651
1.92 1.39207
1.93 1.38766
1.94 1.3833
1.95 1.37898
1.96 1.37471
1.97 1.3705
1.98 1.36634
1.99 1.36226
2 1.35825
2.01 1.35432
2.02 1.35048
2.03 1.34672
2.04 1.34306
2.05 1.3395
2.06 1.33605
2.07 1.3327
2.08 1.32948
2.09 1.32638
2.1 1.32341
2.11 1.32058
2.12 1.31788
2.13 1.31533
2.14 1.31293
2.15 1.31069
2.16 1.30861
2.17 1.30669
2.18 1.30496
2.19 1.3034
2.2 1.30202
2.21 1.30084
2.22 1.29985
2.23 1.29906
2.24 1.29848
2.25 1.29811
2.26 1.29796
2.27 1.29803
2.28 1.29833
2.29 1.29887
2.3 1.29964
2.31 1.30066
2.32 1.30194
2.33 1.30347
2.34 1.30526
2.35 1.30732
2.36 1.30966
2.37 1.31227
2.38 1.31517
2.39 1.31836
2.4 1.32184
2.41 1.32563
2.42 1.32972
2.43 1.33413
2.44 1.33885
2.45 1.3439
2.46 1.34928
2.47 1.355
2.48 1.36108
2.49 1.36748
2.5 1.37422
2.51 1.38128
2.52 1.38866
2.53 1.39635
2.54 1.40434
2.55 1.41264
2.56 1.42122
2.57 1.43008
2.58 1.43922
2.59 1.44863
2.6 1.45831
2.61 1.46824
2.62 1.47843
2.63 1.48885
2.64 1.49952
2.65 1.51041
2.66 1.52153
2.67 1.53287
2.68 1.54441
2.69 1.55616
2.7 1.56811
2.71 1.58025
2.72 1.59257
2.73 1.60507
2.74 1.61774
2.75 1.63058
2.76 1.64357
2.77 1.65671
2.78 1.67
2.79 1.68342
2.8 1.69698
2.81 1.71066
2.82 1.72445
2.83 1.73836
2.84 1.75237
2.85 1.76648
2.86 1.78068
2.87 1.79496
2.88 1.80932
2.89 1.82375
2.9 1.83825
2.91 1.8528
2.92 1.86741
2.93 1.88206
2.94 1.89674
2.95 1.91146
2.96 1.9262
2.97 1.94096
2.98 1.95573
2.99 1.9705
3 1.98528
3.01 2.00004
3.02 2.01479
3.03 2.02951
3.04 2.04421
3.05 2.05887
3.06 2.07349
3.07 2.08806
3.08 2.10265
3.09 2.11737
3.1 2.13221
3.11 2.14717
3.12 2.16225
3.13 2.17745
3.14 2.19277
3.15 2.2082
3.16 2.22374
3.17 2.2394
3.18 2.25517
3.19 2.27105
3.2 2.28704
3.21 2.30314
3.22 2.31934
3.23 2.33565
3.24 2.35206
3.25 2.36857
3.26 2.38519
3.27 2.4019
3.28 2.41871
3.29 2.43562
3.3 2.45263
3.31 2.46973
3.32 2.48692
3.33 2.5042
3.34 2.52158
3.35 2.53904
3.36 2.55659
3.37 2.57422
3.38 2.59194
3.39 2.60975
3.4 2.62764
3.41 2.6456
3.42 2.66365
3.43 2.68178
3.44 2.69998
3.45 2.71826
3.46 2.73661
3.47 2.75503
3.48 2.77353
3.49 2.79209
3.5 2.81073
3.51 2.82943
3.52 2.8482
3.53 2.86704
3.54 2.88593
3.55 2.90489
3.56 2.92391
3.57 2.94299
3.58 2.96213
3.59 2.98133
3.6 3.00058
3.61 3.01988
3.62 3.03924
3.63 3.059
3.64 3.07976
3.65 3.10152
3.66 3.12425
3.67 3.14793
3.68 3.17253
3.69 3.19803
3.7 3.2244
3.71 3.25161
3.72 3.27965
3.73 3.30849
3.74 3.3381
3.75 3.36845
3.76 3.39953
3.77 3.43131
3.78 3.46376
3.79 3.49686
3.8 3.53058
3.81 3.56491
3.82 3.59981
3.83 3.63525
3.84 3.67122
3.85 3.7077
3.86 3.74464
3.87 3.78204
3.88 3.81986
3.89 3.85809
3.9 3.89668
3.91 3.93563
3.92 3.97491
3.93 4.01449
3.94 4.05434
3.95 4.09445
3.96 4.13478
3.97 4.17532
3.98 4.21603
3.99 4.2569
4 4.29789
4.01 4.33899
4.02 4.38017
4.03 4.42139
4.04 4.46265
4.05 4.50391
4.06 4.54515
4.07 4.58635
4.08 4.62747
4.09 4.6685
4.1 4.70941
4.11 4.75017
4.12 4.79076
4.13 4.83116
4.14 4.87134
4.15 4.91128
4.16 4.95094
4.17 4.99032
4.18 5.02937
4.19 5.06808
4.2 5.10642
4.21 5.14437
4.22 5.1819
4.23 5.21899
4.24 5.25561
4.25 5.29174
4.26 5.32735
4.27 5.36242
4.28 5.39692
4.29 5.43084
4.3 5.46413
4.31 5.49679
4.32 5.52877
4.33 5.56007
4.34 5.59065
4.35 5.6205
4.36 5.64957
4.37 5.67786
4.38 5.70533
4.39 5.73197
4.4 5.75773
4.41 5.78261
4.42 5.80658
4.43 5.82961
4.44 5.85167
4.45 5.87274
4.46 5.89281
4.47 5.91183
4.48 5.92979
4.49 5.94666
4.5 5.96243
4.51 5.97705
4.52 5.99051
4.53 6.00307
4.54 6.01507
4.55 6.02652
4.56 6.03743
4.57 6.0478
4.58 6.05765
4.59 6.06698
4.6 6.0758
4.61 6.08412
4.62 6.09194
4.63 6.09929
4.64 6.10615
4.65 6.11254
4.66 6.11848
4.67 6.12396
4.68 6.12899
4.69 6.13359
4.7 6.13776
4.71 6.14151
4.72 6.14484
4.73 6.14778
4.74 6.15031
4.75 6.15246
4.76 6.15423
4.77 6.15562
4.78 6.15666
4.79 6.15733
4.8 6.15766
4.81 6.15765
4.82 6.1573
4.83 6.15664
4.84 6.15565
4.85 6.15436
4.86 6.15278
4.87 6.1509
4.88 6.14873
4.89 6.14629
4.9 6.14359
4.91 6.14063
4.92 6.13741
4.93 6.13395
4.94 6.13026
4.95 6.12634
4.96 6.12221
4.97 6.11786
4.98 6.11331
4.99 6.10857
5 6.10364
5.01 6.09853
5.02 6.09326
5.03 6.08782
5.04 6.08223
5.05 6.07649
5.06 6.07062
5.07 6.06461
5.08 6.05849
5.09 6.05225
5.1 6.0459
5.11 6.03946
5.12 6.03293
5.13 6.02632
5.14 6.01964
5.15 6.01289
5.16 6.00609
5.17 5.99923
5.18 5.99234
5.19 5.98542
5.2 5.97847
5.21 5.9715
5.22 5.96453
5.23 5.95755
5.24 5.95059
5.25 5.94364
5.26 5.93671
5.27 5.92982
5.28 5.92297
5.29 5.91617
5.3 5.90942
5.31 5.90274
5.32 5.89613
5.33 5.8896
5.34 5.88316
5.35 5.87682
5.36 5.87058
5.37 5.86446
5.38 5.85846
5.39 5.85259
5.4 5.84685
5.41 5.84126
5.42 5.83583
5.43 5.83056
5.44 5.82545
5.45 5.82053
5.46 5.81579
5.47 5.81124
5.48 5.8069
5.49 5.80277
5.5 5.79886
5.51 5.79517
5.52 5.79172
5.53 5.78851
5.54 5.78555
5.55 5.78285
5.56 5.78042
5.57 5.77826
5.58 5.77639
5.59 5.7748
5.6 5.77352
5.61 5.77255
5.62 5.77189
5.63 5.77155
5.64 5.77154
5.65 5.77188
5.66 5.77256
5.67 5.7736
5.68 5.77501
5.69 5.77678
5.7 5.77894
5.71 5.78148
5.72 5.78442
5.73 5.78777
5.74 5.79153
5.75 5.7957
5.76 5.80031
5.77 5.80536
5.78 5.81085
5.79 5.81679
5.8 5.82319
5.81 5.83007
5.82 5.83742
5.83 5.84525
5.84 5.85358
5.85 5.86241
5.86 5.87176
5.87 5.88137
5.88 5.89099
5.89 5.90062
5.9 5.91026
5.91 5.91989
5.92 5.92954
5.93 5.93919
5.94 5.94884
5.95 5.9585
5.96 5.96817
5.97 5.97784
5.98 5.98751
5.99 5.99719
6 6.00687
6.01 6.01656
6.02 6.02625
6.03 6.03595
6.04 6.04565
6.05 6.05536
6.06 6.06507
6.07 6.07478
6.08 6.0845
6.09 6.09422
6.1 6.10395
6.11 6.11368
6.12 6.12341
6.13 6.13315
6.14 6.14289
6.15 6.15263
6.16 6.16238
6.17 6.17213
6.18 6.18188
6.19 6.19163
6.2 6.20139
6.21 6.21116
6.22 6.22092
6.23 6.23069
6.24 6.24046
6.25 6.25023
6.26 6.26
6.27 6.26978
6.28 6.27956
6.29 6.28934
6.3 6.29913
6.31 6.30891
6.32 6.3187
6.33 6.32849
6.34 6.33828
6.35 6.34807
6.36 6.35787
6.37 6.36766
6.38 6.37746
6.39 6.38726
6.4 6.39706
6.41 6.40686
6.42 6.41666
6.43 6.42646
6.44 6.43627
6.45 6.44607
6.46 6.45588
6.47 6.46569
6.48 6.47549
6.49 6.4853
6.5 6.49511
6.51 6.50491
6.52 6.51472
6.53 6.52453
6.54 6.53434
6.55 6.54415
6.56 6.55395
6.57 6.56376
6.58 6.57357
6.59 6.58338
6.6 6.59318
6.61 6.60299
6.62 6.6128
6.63 6.6226
6.64 6.6324
6.65 6.64221
6.66 6.65201
6.67 6.66181
6.68 6.67161
6.69 6.68141
6.7 6.69121
6.71 6.701
6.72 6.7108
6.73 6.72059
6.74 6.73038
6.75 6.74017
6.76 6.74996
6.77 6.75974
6.78 6.76953
6.79 6.77931
6.8 6.78909
6.81 6.79886
6.82 6.80864
6.83 6.81841
6.84 6.82818
6.85 6.83795
6.86 6.84771
6.87 6.85747
6.88 6.86723
6.89 6.87699
6.9 6.88674
6.91 6.89649
6.92 6.90624
6.93 6.91598
6.94 6.92572
6.95 6.93546
6.96 6.94519
6.97 6.95492
6.98 6.96464
6.99 6.97437
7 6.98408
7.01 6.9938
7.02 7.00351
7.03 7.01321
7.04 7.02291
7.05 7.03261
7.06 7.0423
7.07 7.05199
7.08 7.06168
7.09 7.07135
7.1 7.08103
7.11 7.0907
7.12 7.10036
7.13 7.11002
7.14 7.11968
7.15 7.12933
7.16 7.13897
7.17 7.14861
7.18 7.15824
7.19 7.16787
7.2 7.17749
7.21 7.18711
7.22 7.19672
7.23 7.20632
7.24 7.21592
7.25 7.22551
7.26 7.2351
7.27 7.24468
7.28 7.25426
7.29 7.26382
7.3 7.27339
7.31 7.28294
7.32 7.29249
7.33 7.30203
7.34 7.31156
7.35 7.32108
7.36 7.3306
7.37 7.3401
7.38 7.34959
7.39 7.35908
7.4 7.36855
7.41 7.37802
7.42 7.38748
7.43 7.39693
7.44 7.40637
7.45 7.4158
7.46 7.42522
7.47 7.43464
7.48 7.44405
7.49 7.45345
7.5 7.46284
7.51 7.47223
7.52 7.48161
7.53 7.49098
7.54 7.50035
7.55 7.50971
7.56 7.51906
7.57 7.52841
7.58 7.53775
7.59 7.54709
7.6 7.55642
7.61 7.56575
7.62 7.57507
7.63 7.58438
7.64 7.59369
7.65 7.603
7.66 7.6123
7.67 7.6216
7.68 7.63089
7.69 7.64019
7.7 7.64947
7.71 7.65876
7.72 7.66804
7.73 7.67731
7.74 7.68659
7.75 7.69586
7.76 7.70513
7.77 7.71439
7.78 7.72366
7.79 7.73292
7.8 7.74218
7.81 7.75144
7.82 7.7607
7.83 7.76995
7.84 7.77921
7.85 7.78846
7.86 7.79772
7.87 7.80697
7.88 7.81622
7.89 7.82548
7.9 7.83473
7.91 7.84398
7.92 7.85324
7.93 7.86249
7.94 7.87175
7.95 7.881
7.96 7.89026
7.97 7.89952
7.98 7.90878
7.99 7.91804
8 7.9273
8.01 7.93657
8.02 7.94584
8.03 7.95511
8.04 7.96438
8.05 7.97366
8.06 7.98293
8.07 7.99222
8.08 8.0015
8.09 8.01079
8.1 8.02008
8.11 8.02938
8.12 8.03868
8.13 8.04799
8.14 8.0573
8.15 8.06661
8.16 8.07593
8.17 8.08525
8.18 8.09458
8.19 8.10392
8.2 8.11326
8.21 8.1226
8.22 8.13195
8.23 8.14131
8.24 8.15068
8.25 8.16005
8.26 8.16942
8.27 8.17881
8.28 8.1882
8.29 8.1976
8.3 8.207
8.31 8.21642
8.32 8.22584
8.33 8.23527
8.34 8.24471
8.35 8.25415
8.36 8.26361
8.37 8.27307
8.38 8.28254
8.39 8.29202
8.4 8.30151
8.41 8.31101
8.42 8.32052
8.43 8.33004
8.44 8.33957
8.45 8.34911
8.46 8.35866
8.47 8.36822
8.48 8.37779
8.49 8.38737
8.5 8.39708
8.51 8.40752
8.52 8.41877
8.53 8.43079
8.54 8.44356
8.55 8.45707
8.56 8.47128
8.57 8.48618
8.58 8.50173
8.59 8.51792
8.6 8.53472
8.61 8.55211
8.62 8.57007
8.63 8.58857
8.64 8.60758
8.65 8.62709
8.66 8.64708
8.67 8.6675
8.68 8.68835
8.69 8.70961
8.7 8.73123
8.71 8.75321
8.72 8.77552
8.73 8.79814
8.74 8.82103
8.75 8.84419
8.76 8.86758
8.77 8.89118
8.78 8.91497
8.79 8.93892
8.8 8.96301
8.81 8.98722
8.82 9.01152
8.83 9.03589
8.84 9.06031
8.85 9.08475
8.86 9.10919
8.87 9.1336
8.88 9.15797
8.89 9.18226
8.9 9.20646
8.91 9.23053
8.92 9.25447
8.93 9.27824
8.94 9.30182
8.95 9.32518
8.96 9.34831
8.97 9.37117
8.98 9.39376
8.99 9.41603
9 9.43797
9.01 9.45956
9.02 9.48077
9.03 9.50157
9.04 9.52195
9.05 9.54188
9.06 9.56134
9.07 9.5803
9.08 9.59873
9.09 9.61663
9.1 9.63396
9.11 9.65069
9.12 9.66681
9.13 9.6823
9.14 9.69712
9.15 9.71125
9.16 9.72468
9.17 9.73737
9.18 9.74931
9.19 9.76046
9.2 9.77081
