0 1
0.01 1.0038
0.02 1.00761
0.03 1.01141
0.04 1.01521
0.05 1.01901
0.06 1.02282
0.07 1.02662
0.08 1.03042
0.09 1.03423
0.1 1.03803
0.11 1.04183
0.12 1.04564
0.13 1.04944
0.14 1.05324
0.15 1.05704
0.16 1.06085
0.17 1.06465
0.18 1.06845
0.19 1.07226
0.2 1.07606
0.21 1.07986
0.22 1.08367
0.23 1.08747
0.24 1.09127
0.25 1.09507
0.26 1.09888
0.27 1.10268
0.28 1.10648
0.29 1.11029
0.3 1.11409
0.31 1.11789
0.32 1.1217
0.33 1.1255
0.34 1.1293
0.35 1.1331
0.36 1.13691
0.37 1.14071
0.38 1.14451
0.39 1.14832
0.4 1.15212
0.41 1.15592
0.42 1.15972
0.43 1.16353
0.44 1.16733
0.45 1.17113
0.46 1.17494
0.47 1.17874
0.48 1.18254
0.49 1.18635
0.5 1.19015
0.51 1.19395
0.52 1.19775
0.53 1.20156
0.54 1.20536
0.55 1.20916
0.56 1.21297
0.57 1.21677
0.58 1.22057
0.59 1.22438
0.6 1.22818
0.61 1.23198
0.62 1.23578
0.63 1.23959
0.64 1.24339
0.65 1.24719
0.66 1.251
0.67 1.2548
0.68 1.2586
0.69 1.26241
0.7 1.26621
0.71 1.27001
0.72 1.27381
0.73 1.27762
0.74 1.28142
0.75 1.28522
0.76 1.28903
0.77 1.29283
0.78 1.29663
0.79 1.30044
0.8 1.30424
0.81 1.30804
0.82 1.31184
0.83 1.31565
0.84 1.31945
0.85 1.32325
0.86 1.32706
0.87 1.33086
0.88 1.33466
0.89 1.33846
0.9 1.34227
0.91 1.34607
0.92 1.34987
0.93 1.35368
0.94 1.35748
0.95 1.36128
0.96 1.36509
0.97 1.36889
0.98 1.37269
0.99 1.37649
1 1.3803
1.01 1.3841
1.02 1.3879
1.03 1.39171
1.04 1.39551
1.05 1.39931
1.06 1.40312
1.07 1.40692
1.08 1.41072
1.09 1.41452
1.1 1.41833
1.11 1.42213
1.12 1.42593
1.13 1.42974
1.14 1.43354
1.15 1.43734
1.16 1.44115
1.17 1.44495
1.18 1.44875
1.19 1.45255
1.2 1.45636
1.21 1.46016
1.22 1.46396
1.23 1.46777
1.24 1.47157
1.25 1.47537
1.26 1.47917
1.27 1.48298
1.28 1.48678
1.29 1.49058
1.3 1.49439
1.31 1.49819
1.32 1.50199
1.33 1.5058
1.34 1.5096
1.35 1.5134
1.36 1.5172
1.37 1.52101
1.38 1.52481
1.39 1.52861
1.4 1.53242
1.41 1.53622
1.42 1.54002
1.43 1.53856
1.44 1.53669
1.45 1.53481
1.46 1.53294
1.47 1.53106
1.48 1.52919
1.49 1.52731
1.5 1.52543
1.51 1.52356
1.52 1.52168
1.53 1.51981
1.54 1.51793
1.55 1.51605
1.56 1.51418
1.57 1.5123
1.58 1.51043
1.59 1.50855
1.6 1.50668
1.61 1.5048
1.62 1.50292
1.63 1.50105
1.64 1.49917
1.65 1.4973
1.66 1.49542
1.67 1.49354
1.68 1.49167
1.69 1.48979
1.7 1.48792
1.71 1.48604
1.72 1.48416
1.73 1.48229
1.74 1.48041
1.75 1.47854
1.76 1.47666
1.77 1.47479
1.78 1.47291
1.79 1.47103
1.8 1.46916
1.81 1.46728
1.82 1.46541
1.83 1.46353
1.84 1.46165
1.85 1.45978
1.86 1.4579
1.87 1.45603
1.88 1.45415
1.89 1.45228
1.9 1.4504
1.91 1.44852
1.92 1.44665
1.93 1.44477
1.94 1.4429
1.95 1.44102
1.96 1.43914
1.97 1.43727
1.98 1.43539
1.99 1.43352
2 1.43164
2.01 1.42977
2.02 1.42789
2.03 1.42601
2.04 1.42414
2.05 1.42226
2.06 1.42039
2.07 1.41851
2.08 1.41663
2.09 1.41476
2.1 1.41288
2.11 1.41101
2.12 1.40913
2.13 1.40726
2.14 1.40538
2.15 1.4035
2.16 1.40163
2.17 1.39975
2.18 1.39788
2.19 1.396
2.2 1.39412
2.21 1.39225
2.22 1.39037
2.23 1.3885
2.24 1.38662
2.25 1.38475
2.26 1.38287
2.27 1.38099
2.28 1.37912
2.29 1.37724
2.3 1.37537
2.31 1.37349
2.32 1.37161
2.33 1.36974
2.34 1.36786
2.35 1.36599
2.36 1.36411
2.37 1.36224
2.38 1.36036
2.39 1.35848
2.4 1.35661
2.41 1.35473
2.42 1.35286
2.43 1.35098
2.44 1.3491
2.45 1.34723
2.46 1.35281
2.47 1.36486
2.48 1.37692
2.49 1.38897
2.5 1.40103
2.51 1.41309
2.52 1.42514
2.53 1.4372
2.54 1.44925
2.55 1.46131
2.56 1.47336
2.57 1.48542
2.58 1.49747
2.59 1.50953
2.6 1.52158
2.61 1.53364
2.62 1.5457
2.63 1.55775
2.64 1.56981
2.65 1.58186
2.66 1.59392
2.67 1.60597
2.68 1.61803
2.69 1.63008
2.7 1.64214
2.71 1.6542
2.72 1.66625
2.73 1.67831
2.74 1.69036
2.75 1.70242
2.76 1.71447
2.77 1.72653
2.78 1.73858
2.79 1.75064
2.8 1.7627
2.81 1.77475
2.82 1.78681
2.83 1.79886
2.84 1.81092
2.85 1.82297
2.86 1.83503
2.87 1.84708
2.88 1.85914
2.89 1.8712
2.9 1.88325
2.91 1.89531
2.92 1.90736
2.93 1.91942
2.94 1.93147
2.95 1.94353
2.96 1.95558
2.97 1.96764
2.98 1.97969
2.99 1.99175
3 2.00381
3.01 2.01586
3.02 2.02792
3.03 2.03997
3.04 2.05203
3.05 2.06408
3.06 2.07614
3.07 2.08819
3.08 2.1052
3.09 2.12251
3.1 2.13981
3.11 2.15711
3.12 2.17442
3.13 2.19172
3.14 2.20902
3.15 2.22633
3.16 2.24363
3.17 2.26093
3.18 2.27824
3.19 2.29554
3.2 2.31284
3.21 2.33014
3.22 2.34745
3.23 2.36475
3.24 2.38205
3.25 2.39936
3.26 2.41666
3.27 2.43396
3.28 2.45127
3.29 2.46857
3.3 2.48587
3.31 2.50318
3.32 2.52048
3.33 2.53778
3.34 2.55509
3.35 2.57239
3.36 2.58969
3.37 2.607
3.38 2.6243
3.39 2.6416
3.4 2.6589
3.41 2.67621
3.42 2.69351
3.43 2.71081
3.44 2.72812
3.45 2.74542
3.46 2.76272
3.47 2.78003
3.48 2.79733
3.49 2.81463
3.5 2.83194
3.51 2.84924
3.52 2.86654
3.53 2.88385
3.54 2.90115
3.55 2.91845
3.56 2.93576
3.57 2.95306
3.58 2.97036
3.59 2.98766
3.6 3.00497
3.61 3.02227
3.62 3.03957
3.63 3.0699
3.64 3.1027
3.65 3.13551
3.66 3.16831
3.67 3.20112
3.68 3.23392
3.69 3.26672
3.7 3.29953
3.71 3.33233
3.72 3.36513
3.73 3.39794
3.74 3.43074
3.75 3.46355
3.76 3.49635
3.77 3.52915
3.78 3.56196
3.79 3.59476
3.8 3.62756
3.81 3.66037
3.82 3.69317
3.83 3.72598
3.84 3.75878
3.85 3.79158
3.86 3.82439
3.87 3.85719
3.88 3.88999
3.89 3.9228
3.9 3.9556
3.91 3.98841
3.92 4.02121
3.93 4.05401
3.94 4.08682
3.95 4.11962
3.96 4.15243
3.97 4.18523
3.98 4.21803
3.99 4.25084
4 4.28364
4.01 4.31644
4.02 4.34925
4.03 4.38205
4.04 4.41486
4.05 4.44766
4.06 4.48046
4.07 4.51327
4.08 4.54607
4.09 4.57887
4.1 4.61168
4.11 4.64448
4.12 4.67729
4.13 4.71009
4.14 4.74289
4.15 4.7757
4.16 4.8085
4.17 4.84131
4.18 4.87411
4.19 4.90691
4.2 4.93972
4.21 4.97252
4.22 5.00532
4.23 5.03813
4.24 5.07093
4.25 5.10374
4.26 5.13654
4.27 5.16934
4.28 5.20215
4.29 5.23495
4.3 5.26775
4.31 5.30056
4.32 5.33336
4.33 5.36617
4.34 5.39897
4.35 5.43177
4.36 5.46458
4.37 5.49738
4.38 5.53019
4.39 5.56299
4.4 5.59579
4.41 5.6286
4.42 5.6614
4.43 5.6942
4.44 5.72701
4.45 5.75981
4.46 5.79262
4.47 5.82542
4.48 5.85822
4.49 5.89103
4.5 5.92383
4.51 5.95663
4.52 5.98944
4.53 5.99036
4.54 5.98947
4.55 5.98858
4.56 5.98769
4.57 5.9868
4.58 5.98591
4.59 5.98502
4.6 5.98413
4.61 5.98325
4.62 5.98236
4.63 5.98147
4.64 5.98058
4.65 5.97969
4.66 5.9788
4.67 5.97791
4.68 5.97702
4.69 5.97613
4.7 5.97524
4.71 5.97435
4.72 5.97346
4.73 5.97257
4.74 5.97168
4.75 5.97079
4.76 5.9699
4.77 5.96901
4.78 5.96812
4.79 5.96724
4.8 5.96635
4.81 5.96546
4.82 5.96457
4.83 5.96368
4.84 5.96279
4.85 5.9619
4.86 5.96101
4.87 5.96012
4.88 5.95923
4.89 5.95834
4.9 5.95745
4.91 5.95656
4.92 5.95567
4.93 5.95478
4.94 5.95389
4.95 5.953
4.96 5.95211
4.97 5.95122
4.98 5.95034
4.99 5.94945
5 5.94856
5.01 5.94767
5.02 5.94678
5.03 5.94589
5.04 5.945
5.05 5.94411
5.06 5.94322
5.07 5.94233
5.08 5.94144
5.09 5.94055
5.1 5.93966
5.11 5.93877
5.12 5.93788
5.13 5.93699
5.14 5.9361
5.15 5.93521
5.16 5.93432
5.17 5.93344
5.18 5.93255
5.19 5.93166
5.2 5.93077
5.21 5.92988
5.22 5.92899
5.23 5.9281
5.24 5.92721
5.25 5.92632
5.26 5.92543
5.27 5.92454
5.28 5.92365
5.29 5.92276
5.3 5.92187
5.31 5.92098
5.32 5.92009
5.33 5.9192
5.34 5.91831
5.35 5.91743
5.36 5.91654
5.37 5.91565
5.38 5.91476
5.39 5.91387
5.4 5.91298
5.41 5.91209
5.42 5.9112
5.43 5.91031
5.44 5.90942
5.45 5.90853
5.46 5.90764
5.47 5.90675
5.48 5.90586
5.49 5.90497
5.5 5.90408
5.51 5.90319
5.52 5.9023
5.53 5.90141
5.54 5.90053
5.55 5.89964
5.56 5.89875
5.57 5.89786
5.58 5.89697
5.59 5.89608
5.6 5.89519
5.61 5.8943
5.62 5.89341
5.63 5.89252
5.64 5.89163
5.65 5.89074
5.66 5.88985
5.67 5.88896
5.68 5.88807
5.69 5.88718
5.7 5.88629
5.71 5.8854
5.72 5.88451
5.73 5.88363
5.74 5.88274
5.75 5.88185
5.76 5.88096
5.77 5.88007
5.78 5.87918
5.79 5.87829
5.8 5.8774
5.81 5.87651
5.82 5.87562
5.83 5.87473
5.84 5.87384
5.85 5.87295
5.86 5.87206
5.87 5.88148
5.88 5.89121
5.89 5.90094
5.9 5.91067
5.91 5.9204
5.92 5.93013
5.93 5.93986
5.94 5.94959
5.95 5.95932
5.96 5.96905
5.97 5.97878
5.98 5.98851
5.99 5.99824
6 6.00797
6.01 6.0177
6.02 6.02743
6.03 6.03716
6.04 6.04689
6.05 6.05662
6.06 6.06635
6.07 6.07608
6.08 6.08581
6.09 6.09554
6.1 6.10527
6.11 6.115
6.12 6.12473
6.13 6.13446
6.14 6.14419
6.15 6.15392
6.16 6.16365
6.17 6.17338
6.18 6.18311
6.19 6.19284
6.2 6.20257
6.21 6.2123
6.22 6.22203
6.23 6.23176
6.24 6.24149
6.25 6.25122
6.26 6.26095
6.27 6.27068
6.28 6.28041
6.29 6.29014
6.3 6.29987
6.31 6.3096
6.32 6.31933
6.33 6.32906
6.34 6.33879
6.35 6.34852
6.36 6.35825
6.37 6.36798
6.38 6.37771
6.39 6.38744
6.4 6.39717
6.41 6.4069
6.42 6.41663
6.43 6.42636
6.44 6.43609
6.45 6.44582
6.46 6.45555
6.47 6.46528
6.48 6.47501
6.49 6.48474
6.5 6.49447
6.51 6.5042
6.52 6.51393
6.53 6.52366
6.54 6.53339
6.55 6.54312
6.56 6.55285
6.57 6.56258
6.58 6.57231
6.59 6.58204
6.6 6.59177
6.61 6.6015
6.62 6.61123
6.63 6.62096
6.64 6.63069
6.65 6.64042
6.66 6.65015
6.67 6.65988
6.68 6.66961
6.69 6.67934
6.7 6.68907
6.71 6.6988
6.72 6.70853
6.73 6.71826
6.74 6.72799
6.75 6.73772
6.76 6.74745
6.77 6.75718
6.78 6.76691
6.79 6.77664
6.8 6.78637
6.81 6.7961
6.82 6.80583
6.83 6.81556
6.84 6.82529
6.85 6.83502
6.86 6.84475
6.87 6.85448
6.88 6.86421
6.89 6.87394
6.9 6.88367
6.91 6.8934
6.92 6.90313
6.93 6.91286
6.94 6.92259
6.95 6.93232
6.96 6.94205
6.97 6.95178
6.98 6.96151
6.99 6.97124
7 6.98097
7.01 6.9907
7.02 7.00043
7.03 7.01016
7.04 7.01989
7.05 7.02962
7.06 7.03935
7.07 7.04908
7.08 7.05881
7.09 7.06854
7.1 7.07827
7.11 7.088
7.12 7.09773
7.13 7.10746
7.14 7.11719
7.15 7.12692
7.16 7.13665
7.17 7.14638
7.18 7.15611
7.19 7.16584
7.2 7.17557
7.21 7.1853
7.22 7.19503
7.23 7.20476
7.24 7.21449
7.25 7.22422
7.26 7.23395
7.27 7.24368
7.28 7.25341
7.29 7.26314
7.3 7.27287
7.31 7.2826
7.32 7.29233
7.33 7.302
7.34 7.31136
7.35 7.32072
7.36 7.33008
7.37 7.33943
7.38 7.34879
7.39 7.35815
7.4 7.36751
7.41 7.37686
7.42 7.38622
7.43 7.39558
7.44 7.40494
7.45 7.41429
7.46 7.42365
7.47 7.43301
7.48 7.44237
7.49 7.45172
7.5 7.46108
7.51 7.47044
7.52 7.4798
7.53 7.48915
7.54 7.49851
7.55 7.50787
7.56 7.51723
7.57 7.52658
7.58 7.53594
7.59 7.5453
7.6 7.55466
7.61 7.56401
7.62 7.57337
7.63 7.58273
7.64 7.59209
7.65 7.60144
7.66 7.6108
7.67 7.62016
7.68 7.62952
7.69 7.63887
7.7 7.64823
7.71 7.65759
7.72 7.66695
7.73 7.6763
7.74 7.68566
7.75 7.69502
7.76 7.70438
7.77 7.71373
7.78 7.72309
7.79 7.73245
7.8 7.74181
7.81 7.75117
7.82 7.76052
7.83 7.76988
7.84 7.77924
7.85 7.7886
7.86 7.79795
7.87 7.80731
7.88 7.81667
7.89 7.82603
7.9 7.83538
7.91 7.84474
7.92 7.8541
7.93 7.86346
7.94 7.87281
7.95 7.88217
7.96 7.89153
7.97 7.90089
7.98 7.91024
7.99 7.9196
8 7.92896
8.01 7.93832
8.02 7.94767
8.03 7.95703
8.04 7.96639
8.05 7.97575
8.06 7.9851
8.07 7.99446
8.08 8.00382
8.09 8.01318
8.1 8.02253
8.11 8.03189
8.12 8.04125
8.13 8.05061
8.14 8.05996
8.15 8.06932
8.16 8.07868
8.17 8.08804
8.18 8.09739
8.19 8.10675
8.2 8.11611
8.21 8.12547
8.22 8.13482
8.23 8.14418
8.24 8.15354
8.25 8.1629
8.26 8.17225
8.27 8.18161
8.28 8.19097
8.29 8.20033
8.3 8.20969
8.31 8.21904
8.32 8.2284
8.33 8.23776
8.34 8.24712
8.35 8.25647
8.36 8.26583
8.37 8.27519
8.38 8.28455
8.39 8.2939
8.4 8.30326
8.41 8.31262
8.42 8.32198
8.43 8.33133
8.44 8.34069
8.45 8.35005
8.46 8.35941
8.47 8.36876
8.48 8.37812
8.49 8.38748
8.5 8.40222
8.51 8.42168
8.52 8.44115
8.53 8.46062
8.54 8.48008
8.55 8.49955
8.56 8.51902
8.57 8.53848
8.58 8.55795
8.59 8.57742
8.6 8.59688
8.61 8.61635
8.62 8.63582
8.63 8.65528
8.64 8.67475
8.65 8.69422
8.66 8.71368
8.67 8.73315
8.68 8.75262
8.69 8.77208
8.7 8.79155
8.71 8.81102
8.72 8.83048
8.73 8.84995
8.74 8.86942
8.75 8.88889
8.76 8.90835
8.77 8.92782
8.78 8.94729
8.79 8.96675
8.8 8.98622
8.81 9.00569
8.82 9.02515
8.83 9.04462
8.84 9.06409
8.85 9.08355
8.86 9.10302
8.87 9.12249
8.88 9.14195
8.89 9.16142
8.9 9.18089
8.91 9.20035
8.92 9.21982
8.93 9.23929
8.94 9.25875
8.95 9.27822
8.96 9.29769
8.97 9.31715
8.98 9.33662
8.99 9.35609
9 9.37555
9.01 9.39502
9.02 9.41449
9.03 9.43396
9.04 9.45342
9.05 9.47289
9.06 9.49236
9.07 9.51182
9.08 9.53129
9.09 9.55076
9.1 9.57022
9.11 9.58969
9.12 9.60916
9.13 9.62862
9.14 9.64809
9.15 9.66756
9.16 9.68702
9.17 9.70649
9.18 9.72596
9.19 9.74542
9.2 9.76489
