0 1
0.01 1.00661
0.02 1.01317
0.03 1.01967
0.04 1.02612
0.05 1.03251
0.06 1.03884
0.07 1.04513
0.08 1.05135
0.09 1.05752
0.1 1.06364
0.11 1.06971
0.12 1.07572
0.13 1.08168
0.14 1.08759
0.15 1.09345
0.16 1.09925
0.17 1.105
0.18 1.11071
0.19 1.11636
0.2 1.12196
0.21 1.12752
0.22 1.13302
0.23 1.13847
0.24 1.14388
0.25 1.14924
0.26 1.15455
0.27 1.15981
0.28 1.16502
0.29 1.17019
0.3 1.17531
0.31 1.18039
0.32 1.18542
0.33 1.1904
0.34 1.19534
0.35 1.20024
0.36 1.20509
0.37 1.20989
0.38 1.21466
0.39 1.21937
0.4 1.22405
0.41 1.22868
0.42 1.23328
0.43 1.23783
0.44 1.24233
0.45 1.2468
0.46 1.25123
0.47 1.25561
0.48 1.25996
0.49 1.26426
0.5 1.26853
0.51 1.27276
0.52 1.27695
0.53 1.2811
0.54 1.28521
0.55 1.28928
0.56 1.29332
0.57 1.29732
0.58 1.30128
0.59 1.30521
0.6 1.3091
0.61 1.31296
0.62 1.31678
0.63 1.32057
0.64 1.32432
0.65 1.32804
0.66 1.33172
0.67 1.33537
0.68 1.33899
0.69 1.34258
0.7 1.34613
0.71 1.34965
0.72 1.35314
0.73 1.3566
0.74 1.36003
0.75 1.36343
0.76 1.36679
0.77 1.37013
0.78 1.37344
0.79 1.37672
0.8 1.37997
0.81 1.38319
0.82 1.38638
0.83 1.38955
0.84 1.39269
0.85 1.3958
0.86 1.39888
0.87 1.40194
0.88 1.40497
0.89 1.40798
0.9 1.41096
0.91 1.41392
0.92 1.41685
0.93 1.41976
0.94 1.42265
0.95 1.42551
0.96 1.42835
0.97 1.43116
0.98 1.43396
0.99 1.43673
1 1.43948
1.01 1.44221
1.02 1.44491
1.03 1.4476
1.04 1.45027
1.05 1.45291
1.06 1.45554
1.07 1.45815
1.08 1.46074
1.09 1.46331
1.1 1.46586
1.11 1.4684
1.12 1.47092
1.13 1.47342
1.14 1.4759
1.15 1.47837
1.16 1.48082
1.17 1.48326
1.18 1.48568
1.19 1.48809
1.2 1.49048
1.21 1.49286
1.22 1.49522
1.23 1.49757
1.24 1.49991
1.25 1.50223
1.26 1.50454
1.27 1.50684
1.28 1.50913
1.29 1.51141
1.3 1.51368
1.31 1.51593
1.32 1.51818
1.33 1.52041
1.34 1.52264
1.35 1.52485
1.36 1.52706
1.37 1.52926
1.38 1.53145
1.39 1.53364
1.4 1.53581
1.41 1.53798
1.42 1.54014
1.43 1.54218
1.44 1.54392
1.45 1.54538
1.46 1.54656
1.47 1.54747
1.48 1.54811
1.49 1.5485
1.5 1.54863
1.51 1.54852
1.52 1.54817
1.53 1.54758
1.54 1.54677
1.55 1.54574
1.56 1.54449
1.57 1.54304
1.58 1.54138
1.59 1.53953
1.6 1.53749
1.61 1.53526
1.62 1.53286
1.63 1.53029
1.64 1.52756
1.65 1.52467
1.66 1.52163
1.67 1.51844
1.68 1.51511
1.69 1.51166
1.7 1.50807
1.71 1.50437
1.72 1.50056
1.73 1.49663
1.74 1.49261
1.75 1.48849
1.76 1.48429
1.77 1.48
1.78 1.47564
1.79 1.47121
1.8 1.46672
1.81 1.46217
1.82 1.45757
1.83 1.45293
1.84 1.44825
1.85 1.44354
1.86 1.43881
1.87 1.43405
1.88 1.42929
1.89 1.42452
1.9 1.41975
1.91 1.41499
1.92 1.41024
1.93 1.40551
1.94 1.40081
1.95 1.39614
1.96 1.39151
1.97 1.38692
1.98 1.38239
1.99 1.37791
2 1.3735
2.01 1.36916
2.02 1.36489
2.03 1.36071
2.04 1.35662
2.05 1.35262
2.06 1.34872
2.07 1.34494
2.08 1.34126
2.09 1.33771
2.1 1.33429
2.11 1.331
2.12 1.32785
2.13 1.32485
2.14 1.322
2.15 1.31931
2.16 1.31678
2.17 1.31442
2.18 1.31225
2.19 1.31026
2.2 1.30845
2.21 1.30685
2.22 1.30545
2.23 1.30426
2.24 1.30328
2.25 1.30253
2.26 1.302
2.27 1.30172
2.28 1.30167
2.29 1.30187
2.3 1.30232
2.31 1.30303
2.32 1.30401
2.33 1.30527
2.34 1.3068
2.35 1.30862
2.36 1.31073
2.37 1.31314
2.38 1.31585
2.39 1.31887
2.4 1.32221
2.41 1.32588
2.42 1.32987
2.43 1.33421
2.44 1.33888
2.45 1.3439
2.46 1.34928
2.47 1.355
2.48 1.36108
2.49 1.36748
2.5 1.37422
2.51 1.38128
2.52 1.38866
2.53 1.39635
2.54 1.40434
2.55 1.41264
2.56 1.42122
2.57 1.43008
2.58 1.43922
2.59 1.44863
2.6 1.45831
2.61 1.46824
2.62 1.47843
2.63 1.48885
2.64 1.49952
2.65 1.51041
2.66 1.52153
2.67 1.53287
2.68 1.54441
2.69 1.55616
2.7 1.56811
2.71 1.58025
2.72 1.59257
2.73 1.60507
2.74 1.61774
2.75 1.63058
2.76 1.64357
2.77 1.65671
2.78 1.67
2.79 1.68342
2.8 1.69698
2.81 1.71066
2.82 1.72445
2.83 1.73836
2.84 1.75237
2.85 1.76648
2.86 1.78068
2.87 1.79496
2.88 1.80932
2.89 1.82375
2.9 1.83825
2.91 1.8528
2.92 1.86741
2.93 1.88206
2.94 1.89674
2.95 1.91146
2.96 1.9262
2.97 1.94096
2.98 1.95573
2.99 1.9705
3 1.98528
3.01 2.00004
3.02 2.01479
3.03 2.02951
3.04 2.04421
3.05 2.05887
3.06 2.07349
3.07 2.08806
3.08 2.10265
3.09 2.11737
3.1 2.13221
3.11 2.14717
3.12 2.16225
3.13 2.17745
3.14 2.19277
3.15 2.2082
3.16 2.22374
3.17 2.2394
3.18 2.25517
3.19 2.27105
3.2 2.28704
3.21 2.30314
3.22 2.31934
3.23 2.33565
3.24 2.35206
3.25 2.36857
3.26 2.38519
3.27 2.4019
3.28 2.41871
3.29 2.43562
3.3 2.45263
3.31 2.46973
3.32 2.48692
3.33 2.5042
3.34 2.52158
3.35 2.53904
3.36 2.55659
3.37 2.57422
3.38 2.59194
3.39 2.60975
3.4 2.62764
3.41 2.6456
3.42 2.66365
3.43 2.68178
3.44 2.69998
3.45 2.71826
3.46 2.73661
3.47 2.75503
3.48 2.77353
3.49 2.79209
3.5 2.81073
3.51 2.82943
3.52 2.8482
3.53 2.86704
3.54 2.88593
3.55 2.90489
3.56 2.92391
3.57 2.94299
3.58 2.96213
3.59 2.98133
3.6 3.00058
3.61 3.01988
3.62 3.03924
3.63 3.059
3.64 3.07976
3.65 3.10152
3.66 3.12425
3.67 3.14793
3.68 3.17253
3.69 3.19803
3.7 3.2244
3.71 3.25161
3.72 3.27965
3.73 3.30849
3.74 3.3381
3.75 3.36845
3.76 3.39953
3.77 3.43131
3.78 3.46376
3.79 3.49686
3.8 3.53058
3.81 3.56491
3.82 3.59981
3.83 3.63525
3.84 3.67122
3.85 3.7077
3.86 3.74464
3.87 3.78204
3.88 3.81986
3.89 3.85809
3.9 3.89668
3.91 3.93563
3.92 3.97491
3.93 4.01449
3.94 4.05434
3.95 4.09445
3.96 4.13478
3.97 4.17532
3.98 4.21603
3.99 4.2569
4 4.29789
4.01 4.33899
4.02 4.38017
4.03 4.42139
4.04 4.46265
4.05 4.50391
4.06 4.54515
4.07 4.58635
4.08 4.62747
4.09 4.6685
4.1 4.70941
4.11 4.75017
4.12 4.79076
4.13 4.83116
4.14 4.87134
4.15 4.91128
4.16 4.95094
4.17 4.99032
4.18 5.02937
4.19 5.06808
4.2 5.10642
4.21 5.14437
4.22 5.1819
4.23 5.21899
4.24 5.25561
4.25 5.29174
4.26 5.32735
4.27 5.36242
4.28 5.39692
4.29 5.43084
4.3 5.46413
4.31 5.49679
4.32 5.52877
4.33 5.56007
4.34 5.59065
4.35 5.6205
4.36 5.64957
4.37 5.67786
4.38 5.70533
4.39 5.73197
4.4 5.75773
4.41 5.78261
4.42 5.80658
4.43 5.82961
4.44 5.85167
4.45 5.87274
4.46 5.89281
4.47 5.91183
4.48 5.92979
4.49 5.94666
4.5 5.96243
4.51 5.97705
4.52 5.99051
4.53 6.00307
4.54 6.01507
4.55 6.02652
4.56 6.03743
4.57 6.0478
4.58 6.05765
4.59 6.06698
4.6 6.0758
4.61 6.08412
4.62 6.09194
4.63 6.09929
4.64 6.10615
4.65 6.11254
4.66 6.11848
4.67 6.12396
4.68 6.12899
4.69 6.13359
4.7 6.13776
4.71 6.14151
4.72 6.14484
4.73 6.14778
4.74 6.15031
4.75 6.15246
4.76 6.15423
4.77 6.15562
4.78 6.15666
4.79 6.15733
4.8 6.15766
4.81 6.15765
4.82 6.1573
4.83 6.15664
4.84 6.15565
4.85 6.15436
4.86 6.15278
4.87 6.1509
4.88 6.14873
4.89 6.14629
4.9 6.14359
4.91 6.14063
4.92 6.13741
4.93 6.13395
4.94 6.13026
4.95 6.12634
4.96 6.12221
4.97 6.11786
4.98 6.11331
4.99 6.10857
5 6.10364
5.01 6.09853
5.02 6.09326
5.03 6.08782
5.04 6.08223
5.05 6.07649
5.06 6.07062
5.07 6.06461
5.08 6.05849
5.09 6.05225
5.1 6.0459
5.11 6.03946
5.12 6.03293
5.13 6.02632
5.14 6.01964
5.15 6.01289
5.16 6.00609
5.17 5.99923
5.18 5.99234
5.19 5.98542
5.2 5.97847
5.21 5.9715
5.22 5.96453
5.23 5.95755
5.24 5.95059
5.25 5.94364
5.26 5.93671
5.27 5.92982
5.28 5.92297
5.29 5.91617
5.3 5.90942
5.31 5.90274
5.32 5.89613
5.33 5.8896
5.34 5.88316
5.35 5.87682
5.36 5.87058
5.37 5.86446
5.38 5.85846
5.39 5.85259
5.4 5.84685
5.41 5.84126
5.42 5.83583
5.43 5.83056
5.44 5.82545
5.45 5.82053
5.46 5.81579
5.47 5.81124
5.48 5.8069
5.49 5.80277
5.5 5.79886
5.51 5.79517
5.52 5.79172
5.53 5.78851
5.54 5.78555
5.55 5.78285
5.56 5.78042
5.57 5.77826
5.58 5.77639
5.59 5.7748
5.6 5.77352
5.61 5.77255
5.62 5.77189
5.63 5.77155
5.64 5.77154
5.65 5.77188
5.66 5.77256
5.67 5.7736
5.68 5.77501
5.69 5.77678
5.7 5.77894
5.71 5.78148
5.72 5.78442
5.73 5.78777
5.74 5.79153
5.75 5.7957
5.76 5.80031
5.77 5.80536
5.78 5.81085
5.79 5.81679
5.8 5.82319
5.81 5.83007
5.82 5.83742
5.83 5.84525
5.84 5.85358
5.85 5.86241
5.86 5.87176
5.87 5.88137
5.88 5.89099
5.89 5.90062
5.9 5.91026
5.91 5.91989
5.92 5.92954
5.93 5.93919
5.94 5.94884
5.95 5.9585
5.96 5.96817
5.97 5.97784
5.98 5.98751
5.99 5.99719
6 6.00687
6.01 6.01656
6.02 6.02625
6.03 6.03595
6.04 6.04565
6.05 6.05536
6.06 6.06507
6.07 6.07478
6.08 6.0845
6.09 6.09422
6.1 6.10395
6.11 6.11368
6.12 6.12341
6.13 6.13315
6.14 6.14289
6.15 6.15263
6.16 6.16238
6.17 6.17213
6.18 6.18188
6.19 6.19163
6.2 6.20139
6.21 6.21116
6.22 6.22092
6.23 6.23069
6.24 6.24046
6.25 6.25023
6.26 6.26
6.27 6.26978
6.28 6.27956
6.29 6.28934
6.3 6.29913
6.31 6.30891
6.32 6.3187
6.33 6.32849
6.34 6.33828
6.35 6.34807
6.36 6.35787
6.37 6.36766
6.38 6.37746
6.39 6.38726
6.4 6.39706
6.41 6.40686
6.42 6.41666
6.43 6.42646
6.44 6.43627
6.45 6.44607
6.46 6.45588
6.47 6.46569
6.48 6.47549
6.49 6.4853
6.5 6.49511
6.51 6.50491
6.52 6.51472
6.53 6.52453
6.54 6.53434
6.55 6.54415
6.56 6.55395
6.57 6.56376
6.58 6.57357
6.59 6.58338
6.6 6.59318
6.61 6.60299
6.62 6.6128
6.63 6.6226
6.64 6.6324
6.65 6.64221
6.66 6.65201
6.67 6.66181
6.68 6.67161
6.69 6.68141
6.7 6.69121
6.71 6.701
6.72 6.7108
6.73 6.72059
6.74 6.73038
6.75 6.74017
6.76 6.74996
6.77 6.75974
6.78 6.76953
6.79 6.77931
6.8 6.78909
6.81 6.79886
6.82 6.80864
6.83 6.81841
6.84 6.82818
6.85 6.83795
6.86 6.84771
6.87 6.85747
6.88 6.86723
6.89 6.87699
6.9 6.88674
6.91 6.89649
6.92 6.90624
6.93 6.91598
6.94 6.92572
6.95 6.93546
6.96 6.94519
6.97 6.95492
6.98 6.96464
6.99 6.97437
7 6.98408
7.01 6.9938
7.02 7.00351
7.03 7.01321
7.04 7.02291
7.05 7.03261
7.06 7.0423
7.07 7.05199
7.08 7.06168
7.09 7.07135
7.1 7.08103
7.11 7.0907
7.12 7.10036
7.13 7.11002
7.14 7.11968
7.15 7.12933
7.16 7.13897
7.17 7.14861
7.18 7.15824
7.19 7.16787
7.2 7.17749
7.21 7.18711
7.22 7.19672
7.23 7.20632
7.24 7.21592
7.25 7.22551
7.26 7.2351
7.27 7.24468
7.28 7.25426
7.29 7.26382
7.3 7.27339
7.31 7.28294
7.32 7.29249
7.33 7.30203
7.34 7.31156
7.35 7.32108
7.36 7.33059
7.37 7.34008
7.38 7.34957
7.39 7.35904
7.4 7.3685
7.41 7.37795
7.42 7.38739
7.43 7.39682
7.44 7.40625
7.45 7.41566
7.46 7.42506
7.47 7.43445
7.48 7.44383
7.49 7.45321
7.5 7.46257
7.51 7.47193
7.52 7.48128
7.53 7.49062
7.54 7.49996
7.55 7.50928
7.56 7.5186
7.57 7.52792
7.58 7.53722
7.59 7.54652
7.6 7.55582
7.61 7.5651
7.62 7.57439
7.63 7.58366
7.64 7.59294
7.65 7.6022
7.66 7.61146
7.67 7.62072
7.68 7.62997
7.69 7.63922
7.7 7.64847
7.71 7.65771
7.72 7.66695
7.73 7.67618
7.74 7.68542
7.75 7.69465
7.76 7.70387
7.77 7.7131
7.78 7.72232
7.79 7.73155
7.8 7.74077
7.81 7.74999
7.82 7.75921
7.83 7.76842
7.84 7.77764
7.85 7.78686
7.86 7.79608
7.87 7.80529
7.88 7.81451
7.89 7.82373
7.9 7.83295
7.91 7.84217
7.92 7.8514
7.93 7.86062
7.94 7.86985
7.95 7.87908
7.96 7.88831
7.97 7.89754
7.98 7.90678
7.99 7.91602
8 7.92526
8.01 7.93451
8.02 7.94376
8.03 7.95301
8.04 7.96227
8.05 7.97154
8.06 7.98081
8.07 7.99008
8.08 7.99936
8.09 8.00864
8.1 8.01793
8.11 8.02723
8.12 8.03653
8.13 8.04584
8.14 8.05516
8.15 8.06448
8.16 8.07381
8.17 8.08315
8.18 8.09249
8.19 8.10185
8.2 8.11121
8.21 8.12058
8.22 8.12996
8.23 8.13934
8.24 8.14874
8.25 8.15815
8.26 8.16756
8.27 8.17699
8.28 8.18642
8.29 8.19587
8.3 8.20532
8.31 8.21479
8.32 8.22427
8.33 8.23376
8.34 8.24326
8.35 8.25277
8.36 8.2623
8.37 8.27183
8.38 8.28138
8.39 8.29094
8.4 8.30052
8.41 8.31011
8.42 8.31971
8.43 8.32932
8.44 8.33895
8.45 8.34859
8.46 8.35825
8.47 8.36792
8.48 8.37761
8.49 8.38731
8.5 8.39708
8.51 8.40722
8.52 8.41775
8.53 8.42867
8.54 8.43998
8.55 8.45167
8.56 8.46373
8.57 8.47617
8.58 8.48897
8.59 8.50212
8.6 8.51564
8.61 8.52949
8.62 8.54369
8.63 8.55823
8.64 8.5731
8.65 8.58829
8.66 8.6038
8.67 8.61963
8.68 8.63576
8.69 8.6522
8.7 8.66894
8.71 8.68596
8.72 8.70328
8.73 8.72087
8.74 8.73874
8.75 8.75688
8.76 8.77528
8.77 8.79394
8.78 8.81285
8.79 8.83202
8.8 8.85142
8.81 8.87106
8.82 8.89093
8.83 8.91102
8.84 8.93134
8.85 8.95186
8.86 8.9726
8.87 8.99354
8.88 9.01467
8.89 9.036
8.9 9.05752
8.91 9.07921
8.92 9.10108
8.93 9.12312
8.94 9.14532
8.95 9.16768
8.96 9.19019
8.97 9.21285
8.98 9.23566
8.99 9.25859
9 9.28166
9.01 9.30485
9.02 9.32817
9.03 9.35159
9.04 9.37513
9.05 9.39876
9.06 9.4225
9.07 9.44632
9.08 9.47023
9.09 9.49422
9.1 9.51829
9.11 9.54242
9.12 9.56662
9.13 9.59088
9.14 9.61519
9.15 9.63954
9.16 9.66394
9.17 9.68837
9.18 9.71284
9.19 9.73732
9.2 9.76183
