0 0
0.01 0.0108681
0.02 0.0217358
0.03 0.0326023
0.04 0.0434673
0.05 0.0543303
0.06 0.0651906
0.07 0.0760478
0.08 0.0869013
0.09 0.0977507
0.1 0.108595
0.11 0.119435
0.12 0.130269
0.13 0.141096
0.14 0.151917
0.15 0.16273
0.16 0.173536
0.17 0.184333
0.18 0.195122
0.19 0.205901
0.2 0.21667
0.21 0.227429
0.22 0.238176
0.23 0.248913
0.24 0.259637
0.25 0.270349
0.26 0.281048
0.27 0.291733
0.28 0.302404
0.29 0.313061
0.3 0.323703
0.31 0.334328
0.32 0.344938
0.33 0.355531
0.34 0.366107
0.35 0.376665
0.36 0.387205
0.37 0.397727
0.38 0.408228
0.39 0.418711
0.4 0.429172
0.41 0.439613
0.42 0.450033
0.43 0.460431
0.44 0.470806
0.45 0.481158
0.46 0.491487
0.47 0.501792
0.48 0.512073
0.49 0.522328
0.5 0.532558
0.51 0.542762
0.52 0.55294
0.53 0.56309
0.54 0.573213
0.55 0.583307
0.56 0.593373
0.57 0.60341
0.58 0.613417
0.59 0.623394
0.6 0.63334
0.61 0.643255
0.62 0.653138
0.63 0.662988
0.64 0.672806
0.65 0.682591
0.66 0.692342
0.67 0.702058
0.68 0.71174
0.69 0.721386
0.7 0.730996
0.71 0.740569
0.72 0.750106
0.73 0.759605
0.74 0.769066
0.75 0.778489
0.76 0.787872
0.77 0.797216
0.78 0.80652
0.79 0.815783
0.8 0.825005
0.81 0.834185
0.82 0.843323
0.83 0.852419
0.84 0.861471
0.85 0.870479
0.86 0.879443
0.87 0.888363
0.88 0.897237
0.89 0.906065
0.9 0.914847
0.91 0.923582
0.92 0.932269
0.93 0.940909
0.94 0.9495
0.95 0.958042
0.96 0.966535
0.97 0.974977
0.98 0.983369
0.99 0.99171
1 1
1.01 1.00824
1.02 1.01642
1.03 1.02456
1.04 1.03264
1.05 1.04067
1.06 1.04865
1.07 1.05658
1.08 1.06446
1.09 1.07229
1.1 1.08006
1.11 1.08779
1.12 1.09547
1.13 1.10309
1.14 1.11067
1.15 1.1182
1.16 1.12568
1.17 1.13311
1.18 1.14049
1.19 1.14782
1.2 1.15511
1.21 1.16234
1.22 1.16953
1.23 1.17667
1.24 1.18377
1.25 1.19081
1.26 1.19781
1.27 1.20476
1.28 1.21166
1.29 1.21852
1.3 1.22533
1.31 1.23209
1.32 1.23881
1.33 1.24548
1.34 1.25211
1.35 1.25869
1.36 1.26523
1.37 1.27172
1.38 1.27816
1.39 1.28456
1.4 1.29092
1.41 1.29723
1.42 1.3035
1.43 1.30972
1.44 1.3159
1.45 1.32203
1.46 1.32813
1.47 1.33418
1.48 1.34018
1.49 1.34615
1.5 1.35207
1.51 1.35794
1.52 1.36378
1.53 1.36957
1.54 1.37532
1.55 1.38103
1.56 1.3867
1.57 1.39233
1.58 1.39792
1.59 1.40346
1.6 1.40897
1.61 1.41443
1.62 1.41985
1.63 1.42524
1.64 1.43058
1.65 1.43588
1.66 1.44115
1.67 1.44637
1.68 1.45156
1.69 1.4567
1.7 1.46181
1.71 1.46688
1.72 1.47191
1.73 1.4769
1.74 1.48185
1.75 1.48677
1.76 1.49165
1.77 1.49649
1.78 1.50129
1.79 1.50606
1.8 1.51079
1.81 1.51548
1.82 1.52014
1.83 1.52476
1.84 1.52934
1.85 1.53389
1.86 1.5384
1.87 1.54288
1.88 1.54732
1.89 1.55173
1.9 1.5561
1.91 1.56044
1.92 1.56474
1.93 1.56901
1.94 1.57324
1.95 1.57744
1.96 1.5816
1.97 1.58573
1.98 1.58983
1.99 1.5939
2 1.59793
2.01 1.60193
2.02 1.6059
2.03 1.60983
2.04 1.61373
2.05 1.6176
2.06 1.62144
2.07 1.62524
2.08 1.62902
2.09 1.63276
2.1 1.63647
2.11 1.64015
2.12 1.6438
2.13 1.64742
2.14 1.65101
2.15 1.65457
2.16 1.6581
2.17 1.6616
2.18 1.66507
2.19 1.66851
2.2 1.67192
2.21 1.6753
2.22 1.67866
2.23 1.68198
2.24 1.68528
2.25 1.68855
2.26 1.69179
2.27 1.695
2.28 1.69818
2.29 1.70134
2.3 1.70447
2.31 1.70757
2.32 1.71065
2.33 1.7137
2.34 1.71672
2.35 1.71971
2.36 1.72268
2.37 1.72563
2.38 1.72855
2.39 1.73144
2.4 1.7343
2.41 1.73715
2.42 1.73996
2.43 1.74276
2.44 1.74552
2.45 1.74827
2.46 1.75099
2.47 1.75368
2.48 1.75635
2.49 1.759
2.5 1.76162
2.51 1.76422
2.52 1.7668
2.53 1.76936
2.54 1.77189
2.55 1.7744
2.56 1.77689
2.57 1.77935
2.58 1.78179
2.59 1.78422
2.6 1.78662
2.61 1.789
2.62 1.79135
2.63 1.79369
2.64 1.79601
2.65 1.7983
2.66 1.80058
2.67 1.80283
2.68 1.80507
2.69 1.80728
2.7 1.80948
2.71 1.81165
2.72 1.81381
2.73 1.81595
2.74 1.81807
2.75 1.82017
2.76 1.82225
2.77 1.82431
2.78 1.82636
2.79 1.82838
2.8 1.83039
2.81 1.83239
2.82 1.83436
2.83 1.83632
2.84 1.83826
2.85 1.84019
2.86 1.84209
2.87 1.84399
2.88 1.84586
2.89 1.84772
2.9 1.84956
2.91 1.85139
2.92 1.85321
2.93 1.855
2.94 1.85679
2.95 1.85855
2.96 1.86031
2.97 1.86205
2.98 1.86377
2.99 1.86548
3 1.86718
3.01 1.86886
3.02 1.87053
3.03 1.87219
3.04 1.87383
3.05 1.87546
3.06 1.87708
3.07 1.87868
3.08 1.88028
3.09 1.88186
3.1 1.88343
3.11 1.88498
3.12 1.88653
3.13 1.88807
3.14 1.88959
3.15 1.8911
3.16 1.8926
3.17 1.89409
3.18 1.89557
3.19 1.89704
3.2 1.8985
3.21 1.89996
3.22 1.9014
3.23 1.90283
3.24 1.90425
3.25 1.90566
3.26 1.90707
3.27 1.90846
3.28 1.90985
3.29 1.91123
3.3 1.9126
3.31 1.91397
3.32 1.91532
3.33 1.91667
3.34 1.91801
3.35 1.91934
3.36 1.92067
3.37 1.92199
3.38 1.9233
3.39 1.92461
3.4 1.92591
3.41 1.92721
3.42 1.9285
3.43 1.92978
3.44 1.93106
3.45 1.93233
3.46 1.9336
3.47 1.93486
3.48 1.93612
3.49 1.93738
3.5 1.93863
3.51 1.93987
3.52 1.94112
3.53 1.94235
3.54 1.94359
3.55 1.94482
3.56 1.94605
3.57 1.94728
3.58 1.9485
3.59 1.94972
3.6 1.95094
3.61 1.95215
3.62 1.95337
3.63 1.95458
3.64 1.95579
3.65 1.957
3.66 1.95821
3.67 1.95942
3.68 1.96063
3.69 1.96183
3.7 1.96304
3.71 1.96425
3.72 1.96545
3.73 1.96666
3.74 1.96786
3.75 1.96907
3.76 1.97028
3.77 1.97149
3.78 1.9727
3.79 1.97391
3.8 1.97512
3.81 1.97634
3.82 1.97755
3.83 1.97877
3.84 1.97999
3.85 1.98122
3.86 1.98244
3.87 1.98367
3.88 1.9849
3.89 1.98614
3.9 1.98738
3.91 1.98862
3.92 1.98987
3.93 1.99112
3.94 1.99237
3.95 1.99363
3.96 1.99489
3.97 1.99616
3.98 1.99744
3.99 1.99872
4 2
4.01 2.00129
4.02 2.00258
4.03 2.00389
4.04 2.00519
4.05 2.0065
4.06 2.00782
4.07 2.00914
4.08 2.01047
4.09 2.01181
4.1 2.01315
4.11 2.01449
4.12 2.01584
4.13 2.0172
4.14 2.01856
4.15 2.01992
4.16 2.02129
4.17 2.02267
4.18 2.02405
4.19 2.02544
4.2 2.02683
4.21 2.02823
4.22 2.02963
4.23 2.03104
4.24 2.03246
4.25 2.03388
4.26 2.0353
4.27 2.03673
4.28 2.03816
4.29 2.0396
4.3 2.04105
4.31 2.0425
4.32 2.04395
4.33 2.04541
4.34 2.04687
4.35 2.04834
4.36 2.04982
4.37 2.0513
4.38 2.05278
4.39 2.05427
4.4 2.05577
4.41 2.05727
4.42 2.05877
4.43 2.06028
4.44 2.0618
4.45 2.06332
4.46 2.06484
4.47 2.06637
4.48 2.0679
4.49 2.06944
4.5 2.07098
4.51 2.07253
4.52 2.07408
4.53 2.07564
4.54 2.0772
4.55 2.07877
4.56 2.08034
4.57 2.08192
4.58 2.0835
4.59 2.08508
4.6 2.08667
4.61 2.08827
4.62 2.08987
4.63 2.09147
4.64 2.09308
4.65 2.09469
4.66 2.09631
4.67 2.09793
4.68 2.09956
4.69 2.10119
4.7 2.10283
4.71 2.10447
4.72 2.10611
4.73 2.10776
4.74 2.10941
4.75 2.11107
4.76 2.11273
4.77 2.1144
4.78 2.11607
4.79 2.11774
4.8 2.11942
4.81 2.1211
4.82 2.12279
4.83 2.12448
4.84 2.12618
4.85 2.12788
4.86 2.12958
4.87 2.13129
4.88 2.13301
4.89 2.13472
4.9 2.13644
4.91 2.13817
4.92 2.1399
4.93 2.14163
4.94 2.14337
4.95 2.14511
4.96 2.14685
4.97 2.1486
4.98 2.15036
4.99 2.15211
5 2.15388
5.01 2.15564
5.02 2.15741
5.03 2.15918
5.04 2.16096
5.05 2.16274
5.06 2.16453
5.07 2.16631
5.08 2.16811
5.09 2.1699
5.1 2.1717
5.11 2.17351
5.12 2.17531
5.13 2.17713
5.14 2.17894
5.15 2.18076
5.16 2.18258
5.17 2.18441
5.18 2.18624
5.19 2.18807
5.2 2.18991
5.21 2.19175
5.22 2.19359
5.23 2.19544
5.24 2.19729
5.25 2.19915
5.26 2.20101
5.27 2.20287
5.28 2.20473
5.29 2.2066
5.3 2.20848
5.31 2.21035
5.32 2.21223
5.33 2.21411
5.34 2.216
5.35 2.21789
5.36 2.21978
5.37 2.22168
5.38 2.22358
5.39 2.22548
5.4 2.22739
5.41 2.2293
5.42 2.23121
5.43 2.23313
5.44 2.23505
5.45 2.23697
5.46 2.23889
5.47 2.24082
5.48 2.24276
5.49 2.24469
5.5 2.24663
5.51 2.24857
5.52 2.25052
5.53 2.25246
5.54 2.25441
5.55 2.25637
5.56 2.25833
5.57 2.26029
5.58 2.26225
5.59 2.26421
5.6 2.26618
5.61 2.26815
5.62 2.27013
5.63 2.27211
5.64 2.27409
5.65 2.27607
5.66 2.27806
5.67 2.28005
5.68 2.28204
5.69 2.28404
5.7 2.28603
5.71 2.28803
5.72 2.29004
5.73 2.29204
5.74 2.29405
5.75 2.29606
5.76 2.29808
5.77 2.3001
5.78 2.30212
5.79 2.30414
5.8 2.30616
5.81 2.30819
5.82 2.31022
5.83 2.31225
5.84 2.31429
5.85 2.31633
5.86 2.31837
5.87 2.32041
5.88 2.32246
5.89 2.32451
5.9 2.32656
5.91 2.32861
5.92 2.33066
5.93 2.33272
5.94 2.33478
5.95 2.33685
5.96 2.33891
5.97 2.34098
5.98 2.34305
5.99 2.34512
6 2.3472
6.01 2.34927
6.02 2.35135
6.03 2.35343
6.04 2.35552
6.05 2.3576
6.06 2.35969
6.07 2.36178
6.08 2.36387
6.09 2.36597
6.1 2.36807
6.11 2.37017
6.12 2.37227
6.13 2.37437
6.14 2.37648
6.15 2.37858
6.16 2.38069
6.17 2.3828
6.18 2.38492
6.19 2.38703
6.2 2.38915
6.21 2.39127
6.22 2.39339
6.23 2.39552
6.24 2.39764
6.25 2.39977
6.26 2.4019
6.27 2.40403
6.28 2.40616
6.29 2.4083
6.3 2.41043
6.31 2.41257
6.32 2.41471
6.33 2.41686
6.34 2.419
6.35 2.42115
6.36 2.42329
6.37 2.42544
6.38 2.42759
6.39 2.42974
6.4 2.4319
6.41 2.43405
6.42 2.43621
6.43 2.43837
6.44 2.44053
6.45 2.44269
6.46 2.44486
6.47 2.44702
6.48 2.44919
6.49 2.45136
6.5 2.45353
6.51 2.4557
6.52 2.45787
6.53 2.46005
6.54 2.46222
6.55 2.4644
6.56 2.46658
6.57 2.46876
6.58 2.47094
6.59 2.47312
6.6 2.47531
6.61 2.47749
6.62 2.47968
6.63 2.48187
6.64 2.48406
6.65 2.48625
6.66 2.48844
6.67 2.49063
6.68 2.49282
6.69 2.49502
6.7 2.49722
6.71 2.49941
6.72 2.50161
6.73 2.50381
6.74 2.50601
6.75 2.50822
6.76 2.51042
6.77 2.51262
6.78 2.51483
6.79 2.51704
6.8 2.51924
6.81 2.52145
6.82 2.52366
6.83 2.52587
6.84 2.52808
6.85 2.53029
6.86 2.53251
6.87 2.53472
6.88 2.53694
6.89 2.53915
6.9 2.54137
6.91 2.54359
6.92 2.5458
6.93 2.54802
6.94 2.55024
6.95 2.55246
6.96 2.55469
6.97 2.55691
6.98 2.55913
6.99 2.56135
7 2.56358
7.01 2.5658
7.02 2.56803
7.03 2.57025
7.04 2.57248
7.05 2.57471
7.06 2.57694
7.07 2.57917
7.08 2.58139
7.09 2.58362
7.1 2.58585
7.11 2.58808
7.12 2.59032
7.13 2.59255
7.14 2.59478
7.15 2.59701
7.16 2.59925
7.17 2.60148
7.18 2.60371
7.19 2.60595
7.2 2.60818
7.21 2.61042
7.22 2.61265
7.23 2.61489
7.24 2.61712
7.25 2.61936
7.26 2.62159
7.27 2.62383
7.28 2.62607
7.29 2.6283
7.3 2.63054
7.31 2.63278
7.32 2.63502
7.33 2.63725
7.34 2.63949
7.35 2.64173
7.36 2.64397
7.37 2.6462
7.38 2.64844
7.39 2.65068
7.4 2.65292
7.41 2.65516
7.42 2.6574
7.43 2.65963
7.44 2.66187
7.45 2.66411
7.46 2.66635
7.47 2.66859
7.48 2.67082
7.49 2.67306
7.5 2.6753
7.51 2.67754
7.52 2.67977
7.53 2.68201
7.54 2.68425
7.55 2.68648
7.56 2.68872
7.57 2.69096
7.58 2.69319
7.59 2.69543
7.6 2.69766
7.61 2.6999
7.62 2.70213
7.63 2.70437
7.64 2.7066
7.65 2.70883
7.66 2.71107
7.67 2.7133
7.68 2.71553
7.69 2.71776
7.7 2.72
7.71 2.72223
7.72 2.72446
7.73 2.72669
7.74 2.72892
7.75 2.73114
7.76 2.73337
7.77 2.7356
7.78 2.73783
7.79 2.74005
7.8 2.74228
7.81 2.74451
7.82 2.74673
7.83 2.74895
7.84 2.75118
7.85 2.7534
7.86 2.75562
7.87 2.75784
7.88 2.76006
7.89 2.76228
7.9 2.7645
7.91 2.76672
7.92 2.76894
7.93 2.77115
7.94 2.77337
7.95 2.77558
7.96 2.7778
7.97 2.78001
7.98 2.78222
7.99 2.78443
8 2.78664
8.01 2.78885
8.02 2.79106
8.03 2.79326
8.04 2.79547
8.05 2.79768
8.06 2.79988
8.07 2.80208
8.08 2.80428
8.09 2.80648
8.1 2.80868
8.11 2.81088
8.12 2.81308
8.13 2.81527
8.14 2.81747
8.15 2.81966
8.16 2.82186
8.17 2.82405
8.18 2.82624
8.19 2.82843
8.2 2.83061
8.21 2.8328
8.22 2.83498
8.23 2.83717
8.24 2.83935
8.25 2.84153
8.26 2.84371
8.27 2.84589
8.28 2.84806
8.29 2.85024
8.3 2.85241
8.31 2.85458
8.32 2.85676
8.33 2.85892
8.34 2.86109
8.35 2.86326
8.36 2.86542
8.37 2.86759
8.38 2.86975
8.39 2.87191
8.4 2.87407
8.41 2.87622
8.42 2.87838
8.43 2.88053
8.44 2.88268
8.45 2.88483
8.46 2.88698
8.47 2.88913
8.48 2.89127
8.49 2.89342
8.5 2.89556
8.51 2.8977
8.52 2.89983
8.53 2.90197
8.54 2.9041
8.55 2.90624
8.56 2.90837
8.57 2.9105
8.58 2.91262
8.59 2.91475
8.6 2.91687
8.61 2.91899
8.62 2.92111
8.63 2.92323
8.64 2.92534
8.65 2.92745
8.66 2.92956
8.67 2.93167
8.68 2.93378
8.69 2.93588
8.7 2.93799
8.71 2.94009
8.72 2.94218
8.73 2.94428
8.74 2.94637
8.75 2.94847
8.76 2.95056
8.77 2.95264
8.78 2.95473
8.79 2.95681
8.8 2.95889
8.81 2.96097
8.82 2.96304
8.83 2.96512
8.84 2.96719
8.85 2.96926
8.86 2.97133
8.87 2.97339
8.88 2.97545
8.89 2.97751
8.9 2.97957
8.91 2.98162
8.92 2.98367
8.93 2.98572
8.94 2.98777
8.95 2.98982
8.96 2.99186
8.97 2.9939
8.98 2.99593
8.99 2.99797
9 3
9.01 3.00203
9.02 3.00406
9.03 3.00608
9.04 3.0081
9.05 3.01012
9.06 3.01214
9.07 3.01415
9.08 3.01616
9.09 3.01817
9.1 3.02017
9.11 3.02218
9.12 3.02418
9.13 3.02618
9.14 3.02817
9.15 3.03017
9.16 3.03216
9.17 3.03414
9.18 3.03613
9.19 3.03811
9.2 3.04009
9.21 3.04207
9.22 3.04405
9.23 3.04602
9.24 3.04799
9.25 3.04996
9.26 3.05192
9.27 3.05388
9.28 3.05584
9.29 3.0578
9.3 3.05976
9.31 3.06171
9.32 3.06366
9.33 3.06561
9.34 3.06755
9.35 3.0695
9.36 3.07144
9.37 3.07337
9.38 3.07531
9.39 3.07724
9.4 3.07917
9.41 3.0811
9.42 3.08303
9.43 3.08495
9.44 3.08687
9.45 3.08879
9.46 3.0907
9.47 3.09262
9.48 3.09453
9.49 3.09644
9.5 3.09834
9.51 3.10025
9.52 3.10215
9.53 3.10405
9.54 3.10594
9.55 3.10784
9.56 3.10973
9.57 3.11162
9.58 3.1135
9.59 3.11539
9.6 3.11727
9.61 3.11915
9.62 3.12103
9.63 3.1229
9.64 3.12477
9.65 3.12664
9.66 3.12851
9.67 3.13038
9.68 3.13224
9.69 3.1341
9.7 3.13596
9.71 3.13782
9.72 3.13967
9.73 3.14152
9.74 3.14337
9.75 3.14522
9.76 3.14706
9.77 3.1489
9.78 3.15074
9.79 3.15258
9.8 3.15442
9.81 3.15625
9.82 3.15808
9.83 3.15991
9.84 3.16173
9.85 3.16356
9.86 3.16538
9.87 3.1672
9.88 3.16901
9.89 3.17083
9.9 3.17264
9.91 3.17445
9.92 3.17626
9.93 3.17806
9.94 3.17987
9.95 3.18167
9.96 3.18347
9.97 3.18526
9.98 3.18706
9.99 3.18885
10 3.19064
10.01 3.19243
10.02 3.19421
10.03 3.196
10.04 3.19778
10.05 3.19956
10.06 3.20133
10.07 3.20311
10.08 3.20488
10.09 3.20665
10.1 3.20842
10.11 3.21018
10.12 3.21194
10.13 3.21371
10.14 3.21546
10.15 3.21722
10.16 3.21898
10.17 3.22073
10.18 3.22248
10.19 3.22423
10.2 3.22597
10.21 3.22772
10.22 3.22946
10.23 3.2312
10.24 3.23294
10.25 3.23467
10.26 3.2364
10.27 3.23813
10.28 3.23986
10.29 3.24159
10.3 3.24331
10.31 3.24504
10.32 3.24676
10.33 3.24848
10.34 3.25019
10.35 3.25191
10.36 3.25362
10.37 3.25533
10.38 3.25704
10.39 3.25874
10.4 3.26045
10.41 3.26215
10.42 3.26385
10.43 3.26554
10.44 3.26724
10.45 3.26893
10.46 3.27062
10.47 3.27231
10.48 3.274
10.49 3.27569
10.5 3.27737
10.51 3.27905
10.52 3.28073
10.53 3.28241
10.54 3.28408
10.55 3.28575
10.56 3.28742
10.57 3.28909
10.58 3.29076
10.59 3.29242
10.6 3.29409
10.61 3.29575
10.62 3.29741
10.63 3.29906
10.64 3.30072
10.65 3.30237
10.66 3.30402
10.67 3.30567
10.68 3.30732
10.69 3.30896
10.7 3.31061
10.71 3.31225
10.72 3.31389
10.73 3.31552
10.74 3.31716
10.75 3.31879
10.76 3.32042
10.77 3.32205
10.78 3.32368
10.79 3.32531
10.8 3.32693
10.81 3.32855
10.82 3.33017
10.83 3.33179
10.84 3.33341
10.85 3.33502
10.86 3.33663
10.87 3.33824
10.88 3.33985
10.89 3.34146
10.9 3.34306
10.91 3.34466
10.92 3.34626
10.93 3.34786
10.94 3.34946
10.95 3.35106
10.96 3.35265
10.97 3.35424
10.98 3.35583
10.99 3.35742
11 3.359
11.01 3.36059
11.02 3.36217
11.03 3.36375
11.04 3.36533
11.05 3.36691
11.06 3.36848
11.07 3.37005
11.08 3.37162
11.09 3.37319
11.1 3.37476
11.11 3.37633
11.12 3.37789
11.13 3.37945
11.14 3.38101
11.15 3.38257
11.16 3.38413
11.17 3.38568
11.18 3.38724
11.19 3.38879
11.2 3.39034
11.21 3.39189
11.22 3.39343
11.23 3.39498
11.24 3.39652
11.25 3.39806
11.26 3.3996
11.27 3.40114
11.28 3.40267
11.29 3.40421
11.3 3.40574
11.31 3.40727
11.32 3.4088
11.33 3.41032
11.34 3.41185
11.35 3.41337
11.36 3.41489
11.37 3.41642
11.38 3.41793
11.39 3.41945
11.4 3.42097
11.41 3.42248
11.42 3.42399
11.43 3.4255
11.44 3.42701
11.45 3.42851
11.46 3.43002
11.47 3.43152
11.48 3.43302
11.49 3.43452
11.5 3.43602
11.51 3.43752
11.52 3.43901
11.53 3.44051
11.54 3.442
11.55 3.44349
11.56 3.44498
11.57 3.44646
11.58 3.44795
11.59 3.44943
11.6 3.45091
11.61 3.45239
11.62 3.45387
11.63 3.45535
11.64 3.45683
11.65 3.4583
11.66 3.45977
11.67 3.46124
11.68 3.46271
11.69 3.46418
11.7 3.46564
11.71 3.46711
11.72 3.46857
11.73 3.47003
11.74 3.47149
11.75 3.47295
11.76 3.47441
11.77 3.47586
11.78 3.47731
11.79 3.47877
11.8 3.48022
11.81 3.48166
11.82 3.48311
11.83 3.48456
11.84 3.486
11.85 3.48744
11.86 3.48888
11.87 3.49032
11.88 3.49176
11.89 3.4932
11.9 3.49463
11.91 3.49607
11.92 3.4975
11.93 3.49893
11.94 3.50036
11.95 3.50179
11.96 3.50321
11.97 3.50464
11.98 3.50606
11.99 3.50748
12 3.5089
12.01 3.51032
12.02 3.51174
12.03 3.51315
12.04 3.51457
12.05 3.51598
12.06 3.51739
12.07 3.5188
12.08 3.52021
12.09 3.52162
12.1 3.52302
12.11 3.52443
12.12 3.52583
12.13 3.52723
12.14 3.52863
12.15 3.53003
12.16 3.53142
12.17 3.53282
12.18 3.53421
12.19 3.53561
12.2 3.537
12.21 3.53839
12.22 3.53978
12.23 3.54117
12.24 3.54255
12.25 3.54394
12.26 3.54532
12.27 3.5467
12.28 3.54808
12.29 3.54946
12.3 3.55084
12.31 3.55221
12.32 3.55359
12.33 3.55496
12.34 3.55634
12.35 3.55771
12.36 3.55908
12.37 3.56044
12.38 3.56181
12.39 3.56318
12.4 3.56454
12.41 3.5659
12.42 3.56727
12.43 3.56863
12.44 3.56999
12.45 3.57134
12.46 3.5727
12.47 3.57406
12.48 3.57541
12.49 3.57676
12.5 3.57811
12.51 3.57946
12.52 3.58081
12.53 3.58216
12.54 3.58351
12.55 3.58485
12.56 3.5862
12.57 3.58754
12.58 3.58888
12.59 3.59022
12.6 3.59156
12.61 3.5929
12.62 3.59423
12.63 3.59557
12.64 3.5969
12.65 3.59823
12.66 3.59957
12.67 3.6009
12.68 3.60223
12.69 3.60355
12.7 3.60488
12.71 3.60621
12.72 3.60753
12.73 3.60885
12.74 3.61017
12.75 3.6115
12.76 3.61282
12.77 3.61413
12.78 3.61545
12.79 3.61677
12.8 3.61808
12.81 3.6194
12.82 3.62071
12.83 3.62202
12.84 3.62333
12.85 3.62464
12.86 3.62595
12.87 3.62725
12.88 3.62856
12.89 3.62986
12.9 3.63117
12.91 3.63247
12.92 3.63377
12.93 3.63507
12.94 3.63637
12.95 3.63767
12.96 3.63896
12.97 3.64026
12.98 3.64155
12.99 3.64285
13 3.64414
13.01 3.64543
13.02 3.64672
13.03 3.64801
13.04 3.6493
13.05 3.65059
13.06 3.65187
13.07 3.65316
13.08 3.65444
13.09 3.65572
13.1 3.657
13.11 3.65828
13.12 3.65956
13.13 3.66084
13.14 3.66212
13.15 3.6634
13.16 3.66467
13.17 3.66595
13.18 3.66722
13.19 3.66849
13.2 3.66976
13.21 3.67103
13.22 3.6723
13.23 3.67357
13.24 3.67484
13.25 3.67611
13.26 3.67737
13.27 3.67864
13.28 3.6799
13.29 3.68116
13.3 3.68242
13.31 3.68368
13.32 3.68494
13.33 3.6862
13.34 3.68746
13.35 3.68872
13.36 3.68997
13.37 3.69123
13.38 3.69248
13.39 3.69373
13.4 3.69498
13.41 3.69624
13.42 3.69749
13.43 3.69873
13.44 3.69998
13.45 3.70123
13.46 3.70248
13.47 3.70372
13.48 3.70497
13.49 3.70621
13.5 3.70745
13.51 3.70869
13.52 3.70994
13.53 3.71118
13.54 3.71241
13.55 3.71365
13.56 3.71489
13.57 3.71613
13.58 3.71736
13.59 3.7186
13.6 3.71983
13.61 3.72106
13.62 3.7223
13.63 3.72353
13.64 3.72476
13.65 3.72599
13.66 3.72722
13.67 3.72845
13.68 3.72967
13.69 3.7309
13.7 3.73213
13.71 3.73335
13.72 3.73457
13.73 3.7358
13.74 3.73702
13.75 3.73824
13.76 3.73946
13.77 3.74068
13.78 3.7419
13.79 3.74312
13.8 3.74434
13.81 3.74555
13.82 3.74677
13.83 3.74798
13.84 3.7492
13.85 3.75041
13.86 3.75163
13.87 3.75284
13.88 3.75405
13.89 3.75526
13.9 3.75647
13.91 3.75768
13.92 3.75889
13.93 3.7601
13.94 3.7613
13.95 3.76251
13.96 3.76371
13.97 3.76492
13.98 3.76612
13.99 3.76733
14 3.76853
14.01 3.76973
14.02 3.77093
14.03 3.77213
14.04 3.77333
14.05 3.77453
14.06 3.77573
14.07 3.77693
14.08 3.77813
14.09 3.77932
14.1 3.78052
14.11 3.78171
14.12 3.78291
14.13 3.7841
14.14 3.7853
14.15 3.78649
14.16 3.78768
14.17 3.78887
14.18 3.79006
14.19 3.79125
14.2 3.79244
14.21 3.79363
14.22 3.79482
14.23 3.79601
14.24 3.79719
14.25 3.79838
14.26 3.79956
14.27 3.80075
14.28 3.80193
14.29 3.80312
14.3 3.8043
14.31 3.80548
14.32 3.80667
14.33 3.80785
14.34 3.80903
14.35 3.81021
14.36 3.81139
14.37 3.81257
14.38 3.81375
14.39 3.81492
14.4 3.8161
14.41 3.81728
14.42 3.81845
14.43 3.81963
14.44 3.82081
14.45 3.82198
14.46 3.82316
14.47 3.82433
14.48 3.8255
14.49 3.82667
14.5 3.82785
14.51 3.82902
14.52 3.83019
14.53 3.83136
14.54 3.83253
14.55 3.8337
14.56 3.83487
14.57 3.83604
14.58 3.83721
14.59 3.83837
14.6 3.83954
14.61 3.84071
14.62 3.84187
14.63 3.84304
14.64 3.84421
14.65 3.84537
14.66 3.84653
14.67 3.8477
14.68 3.84886
14.69 3.85003
14.7 3.85119
14.71 3.85235
14.72 3.85351
14.73 3.85467
14.74 3.85583
14.75 3.85699
14.76 3.85815
14.77 3.85931
14.78 3.86047
14.79 3.86163
14.8 3.86279
14.81 3.86395
14.82 3.86511
14.83 3.86626
14.84 3.86742
14.85 3.86858
14.86 3.86973
14.87 3.87089
14.88 3.87204
14.89 3.8732
14.9 3.87435
14.91 3.87551
14.92 3.87666
14.93 3.87782
14.94 3.87897
14.95 3.88012
14.96 3.88127
14.97 3.88243
14.98 3.88358
14.99 3.88473
15 3.88588
15.01 3.88703
15.02 3.88818
15.03 3.88933
15.04 3.89048
15.05 3.89163
15.06 3.89278
15.07 3.89393
15.08 3.89508
15.09 3.89623
15.1 3.89737
15.11 3.89852
15.12 3.89967
15.13 3.90082
15.14 3.90196
15.15 3.90311
15.16 3.90426
15.17 3.9054
15.18 3.90655
15.19 3.9077
15.2 3.90884
15.21 3.90999
15.22 3.91113
15.23 3.91228
15.24 3.91342
15.25 3.91456
15.26 3.91571
15.27 3.91685
15.28 3.918
15.29 3.91914
15.3 3.92028
15.31 3.92143
15.32 3.92257
15.33 3.92371
15.34 3.92485
15.35 3.92599
15.36 3.92714
15.37 3.92828
15.38 3.92942
15.39 3.93056
15.4 3.9317
15.41 3.93284
15.42 3.93398
15.43 3.93513
15.44 3.93627
15.45 3.93741
15.46 3.93855
15.47 3.93969
15.48 3.94083
15.49 3.94197
15.5 3.94311
15.51 3.94425
15.52 3.94538
15.53 3.94652
15.54 3.94766
15.55 3.9488
15.56 3.94994
15.57 3.95108
15.58 3.95222
15.59 3.95336
15.6 3.9545
15.61 3.95563
15.62 3.95677
15.63 3.95791
15.64 3.95905
15.65 3.96019
15.66 3.96133
15.67 3.96246
15.68 3.9636
15.69 3.96474
15.7 3.96588
15.71 3.96701
15.72 3.96815
15.73 3.96929
15.74 3.97043
15.75 3.97156
15.76 3.9727
15.77 3.97384
15.78 3.97498
15.79 3.97611
15.8 3.97725
15.81 3.97839
15.82 3.97953
15.83 3.98066
15.84 3.9818
15.85 3.98294
15.86 3.98408
15.87 3.98521
15.88 3.98635
15.89 3.98749
15.9 3.98862
15.91 3.98976
15.92 3.9909
15.93 3.99204
15.94 3.99317
15.95 3.99431
15.96 3.99545
15.97 3.99659
15.98 3.99772
15.99 3.99886
16 4
16.01 4.00114
16.02 4.00228
16.03 4.00341
16.04 4.00455
16.05 4.00569
16.06 4.00683
16.07 4.00797
16.08 4.0091
16.09 4.01024
16.1 4.01138
16.11 4.01252
16.12 4.01366
16.13 4.0148
16.14 4.01593
16.15 4.01707
16.16 4.01821
16.17 4.01935
16.18 4.02049
16.19 4.02163
16.2 4.02277
16.21 4.0239
16.22 4.02504
16.23 4.02618
16.24 4.02732
16.25 4.02846
16.26 4.0296
16.27 4.03074
16.28 4.03188
16.29 4.03302
16.3 4.03416
16.31 4.0353
16.32 4.03644
16.33 4.03757
16.34 4.03871
16.35 4.03985
16.36 4.04099
16.37 4.04213
16.38 4.04327
16.39 4.04441
16.4 4.04555
16.41 4.04669
16.42 4.04783
16.43 4.04897
16.44 4.05011
16.45 4.05125
16.46 4.05239
16.47 4.05353
16.48 4.05467
16.49 4.05581
16.5 4.05695
16.51 4.05809
16.52 4.05923
16.53 4.06037
16.54 4.06151
16.55 4.06265
16.56 4.06379
16.57 4.06493
16.58 4.06607
16.59 4.06721
16.6 4.06835
16.61 4.0695
16.62 4.07064
16.63 4.07178
16.64 4.07292
16.65 4.07406
16.66 4.0752
16.67 4.07634
16.68 4.07748
16.69 4.07862
16.7 4.07976
16.71 4.0809
16.72 4.08204
16.73 4.08318
16.74 4.08432
16.75 4.08547
16.76 4.08661
16.77 4.08775
16.78 4.08889
16.79 4.09003
16.8 4.09117
16.81 4.09231
16.82 4.09345
16.83 4.09459
16.84 4.09574
16.85 4.09688
16.86 4.09802
16.87 4.09916
16.88 4.1003
16.89 4.10144
16.9 4.10258
16.91 4.10372
16.92 4.10487
16.93 4.10601
16.94 4.10715
16.95 4.10829
16.96 4.10943
16.97 4.11057
16.98 4.11172
16.99 4.11286
17 4.114
17.01 4.11514
17.02 4.11628
17.03 4.11742
17.04 4.11856
17.05 4.11971
17.06 4.12085
17.07 4.12199
17.08 4.12313
17.09 4.12427
17.1 4.12541
17.11 4.12656
17.12 4.1277
17.13 4.12884
17.14 4.12998
17.15 4.13112
17.16 4.13227
17.17 4.13341
17.18 4.13455
17.19 4.13569
17.2 4.13683
17.21 4.13797
17.22 4.13912
17.23 4.14026
17.24 4.1414
17.25 4.14254
17.26 4.14368
17.27 4.14483
17.28 4.14597
17.29 4.14711
17.3 4.14825
17.31 4.14939
17.32 4.15054
17.33 4.15168
17.34 4.15282
17.35 4.15396
17.36 4.1551
17.37 4.15625
17.38 4.15739
17.39 4.15853
17.4 4.15967
17.41 4.16081
17.42 4.16196
17.43 4.1631
17.44 4.16424
17.45 4.16538
17.46 4.16652
17.47 4.16767
17.48 4.16881
17.49 4.16995
17.5 4.17109
17.51 4.17223
17.52 4.17338
17.53 4.17452
17.54 4.17566
17.55 4.1768
17.56 4.17794
17.57 4.17909
17.58 4.18023
17.59 4.18137
17.6 4.18251
17.61 4.18365
17.62 4.1848
17.63 4.18594
17.64 4.18708
17.65 4.18822
17.66 4.18936
17.67 4.19051
17.68 4.19165
17.69 4.19279
17.7 4.19393
17.71 4.19507
17.72 4.19622
17.73 4.19736
17.74 4.1985
17.75 4.19964
17.76 4.20078
17.77 4.20193
17.78 4.20307
17.79 4.20421
17.8 4.20535
17.81 4.20649
17.82 4.20763
17.83 4.20878
17.84 4.20992
17.85 4.21106
17.86 4.2122
17.87 4.21334
17.88 4.21449
17.89 4.21563
17.9 4.21677
17.91 4.21791
17.92 4.21905
17.93 4.22019
17.94 4.22134
17.95 4.22248
17.96 4.22362
17.97 4.22476
17.98 4.2259
17.99 4.22704
18 4.22818
18.01 4.22933
18.02 4.23047
18.03 4.23161
18.04 4.23275
18.05 4.23389
18.06 4.23503
18.07 4.23617
18.08 4.23732
18.09 4.23846
18.1 4.2396
18.11 4.24074
18.12 4.24188
18.13 4.24302
18.14 4.24416
18.15 4.2453
18.16 4.24645
18.17 4.24759
18.18 4.24873
18.19 4.24987
18.2 4.25101
18.21 4.25215
18.22 4.25329
18.23 4.25443
18.24 4.25557
18.25 4.25671
18.26 4.25786
18.27 4.259
18.28 4.26014
18.29 4.26128
18.3 4.26242
18.31 4.26356
18.32 4.2647
18.33 4.26584
18.34 4.26698
18.35 4.26812
18.36 4.26926
18.37 4.2704
18.38 4.27154
18.39 4.27268
18.4 4.27382
18.41 4.27496
18.42 4.27611
18.43 4.27725
18.44 4.27839
18.45 4.27953
18.46 4.28067
18.47 4.28181
18.48 4.28295
18.49 4.28409
18.5 4.28523
18.51 4.28637
18.52 4.28751
18.53 4.28865
18.54 4.28979
18.55 4.29093
18.56 4.29207
18.57 4.29321
18.58 4.29435
18.59 4.29549
18.6 4.29662
18.61 4.29776
18.62 4.2989
18.63 4.30004
18.64 4.30118
18.65 4.30232
18.66 4.30346
18.67 4.3046
18.68 4.30574
18.69 4.30688
18.7 4.30802
18.71 4.30916
18.72 4.3103
18.73 4.31144
18.74 4.31257
18.75 4.31371
18.76 4.31485
18.77 4.31599
18.78 4.31713
18.79 4.31827
18.8 4.31941
18.81 4.32055
18.82 4.32168
18.83 4.32282
18.84 4.32396
18.85 4.3251
18.86 4.32624
18.87 4.32738
18.88 4.32851
18.89 4.32965
18.9 4.33079
18.91 4.33193
18.92 4.33307
18.93 4.33421
18.94 4.33534
18.95 4.33648
18.96 4.33762
18.97 4.33876
18.98 4.33989
18.99 4.34103
19 4.34217
19.01 4.34331
19.02 4.34444
19.03 4.34558
19.04 4.34672
19.05 4.34786
19.06 4.34899
19.07 4.35013
19.08 4.35127
19.09 4.3524
19.1 4.35354
19.11 4.35468
19.12 4.35582
19.13 4.35695
19.14 4.35809
19.15 4.35923
19.16 4.36036
19.17 4.3615
19.18 4.36264
19.19 4.36377
19.2 4.36491
19.21 4.36604
19.22 4.36718
19.23 4.36832
19.24 4.36945
19.25 4.37059
19.26 4.37172
19.27 4.37286
19.28 4.374
19.29 4.37513
19.3 4.37627
19.31 4.3774
19.32 4.37854
19.33 4.37967
19.34 4.38081
19.35 4.38194
19.36 4.38308
19.37 4.38421
19.38 4.38535
19.39 4.38648
19.4 4.38762
19.41 4.38875
19.42 4.38989
19.43 4.39102
19.44 4.39216
19.45 4.39329
19.46 4.39443
19.47 4.39556
19.48 4.3967
19.49 4.39783
19.5 4.39896
19.51 4.4001
19.52 4.40123
19.53 4.40237
19.54 4.4035
19.55 4.40463
19.56 4.40577
19.57 4.4069
19.58 4.40803
19.59 4.40917
19.6 4.4103
19.61 4.41143
19.62 4.41257
19.63 4.4137
19.64 4.41483
19.65 4.41597
19.66 4.4171
19.67 4.41823
19.68 4.41936
19.69 4.4205
19.7 4.42163
19.71 4.42276
19.72 4.42389
19.73 4.42503
19.74 4.42616
19.75 4.42729
19.76 4.42842
19.77 4.42955
19.78 4.43069
19.79 4.43182
19.8 4.43295
19.81 4.43408
19.82 4.43521
19.83 4.43634
19.84 4.43748
19.85 4.43861
19.86 4.43974
19.87 4.44087
19.88 4.442
19.89 4.44313
19.9 4.44426
19.91 4.44539
19.92 4.44652
19.93 4.44765
19.94 4.44878
19.95 4.44991
19.96 4.45104
19.97 4.45217
19.98 4.4533
19.99 4.45443
20 4.45556
20.01 4.45669
20.02 4.45782
20.03 4.45895
20.04 4.46008
20.05 4.46121
20.06 4.46234
20.07 4.46347
20.08 4.4646
20.09 4.46573
20.1 4.46685
20.11 4.46798
20.12 4.46911
20.13 4.47024
20.14 4.47137
20.15 4.4725
20.16 4.47362
20.17 4.47475
20.18 4.47588
20.19 4.47701
20.2 4.47814
20.21 4.47926
20.22 4.48039
20.23 4.48152
20.24 4.48265
20.25 4.48377
20.26 4.4849
20.27 4.48603
20.28 4.48715
20.29 4.48828
20.3 4.48941
20.31 4.49053
20.32 4.49166
20.33 4.49279
20.34 4.49391
20.35 4.49504
20.36 4.49616
20.37 4.49729
20.38 4.49842
20.39 4.49954
20.4 4.50067
20.41 4.50179
20.42 4.50292
20.43 4.50404
20.44 4.50517
20.45 4.50629
20.46 4.50742
20.47 4.50854
20.48 4.50967
20.49 4.51079
20.5 4.51192
20.51 4.51304
20.52 4.51416
20.53 4.51529
20.54 4.51641
20.55 4.51753
20.56 4.51866
20.57 4.51978
20.58 4.52091
20.59 4.52203
20.6 4.52315
20.61 4.52427
20.62 4.5254
20.63 4.52652
20.64 4.52764
20.65 4.52877
20.66 4.52989
20.67 4.53101
20.68 4.53213
20.69 4.53325
20.7 4.53438
20.71 4.5355
20.72 4.53662
20.73 4.53774
20.74 4.53886
20.75 4.53998
20.76 4.54111
20.77 4.54223
20.78 4.54335
20.79 4.54447
20.8 4.54559
20.81 4.54671
20.82 4.54783
20.83 4.54895
20.84 4.55007
20.85 4.55119
20.86 4.55231
20.87 4.55343
20.88 4.55455
20.89 4.55567
20.9 4.55679
20.91 4.55791
20.92 4.55903
20.93 4.56014
20.94 4.56126
20.95 4.56238
20.96 4.5635
20.97 4.56462
20.98 4.56574
20.99 4.56686
21 4.56797
21.01 4.56909
21.02 4.57021
21.03 4.57133
21.04 4.57244
21.05 4.57356
21.06 4.57468
21.07 4.5758
21.08 4.57691
21.09 4.57803
21.1 4.57915
21.11 4.58026
21.12 4.58138
21.13 4.58249
21.14 4.58361
21.15 4.58473
21.16 4.58584
21.17 4.58696
21.18 4.58807
21.19 4.58919
21.2 4.5903
21.21 4.59142
21.22 4.59253
21.23 4.59365
21.24 4.59476
21.25 4.59588
21.26 4.59699
21.27 4.59811
21.28 4.59922
21.29 4.60033
21.3 4.60145
21.31 4.60256
21.32 4.60367
21.33 4.60479
21.34 4.6059
21.35 4.60701
21.36 4.60813
21.37 4.60924
21.38 4.61035
21.39 4.61146
21.4 4.61258
21.41 4.61369
21.42 4.6148
21.43 4.61591
21.44 4.61702
21.45 4.61813
21.46 4.61925
21.47 4.62036
21.48 4.62147
21.49 4.62258
21.5 4.62369
21.51 4.6248
21.52 4.62591
21.53 4.62702
21.54 4.62813
21.55 4.62924
21.56 4.63035
21.57 4.63146
21.58 4.63257
21.59 4.63368
21.6 4.63479
21.61 4.6359
21.62 4.637
21.63 4.63811
21.64 4.63922
21.65 4.64033
21.66 4.64144
21.67 4.64255
21.68 4.64365
21.69 4.64476
21.7 4.64587
21.71 4.64698
21.72 4.64808
21.73 4.64919
21.74 4.6503
21.75 4.6514
21.76 4.65251
21.77 4.65362
21.78 4.65472
21.79 4.65583
21.8 4.65693
21.81 4.65804
21.82 4.65914
21.83 4.66025
21.84 4.66135
21.85 4.66246
21.86 4.66356
21.87 4.66467
21.88 4.66577
21.89 4.66688
21.9 4.66798
21.91 4.66909
21.92 4.67019
21.93 4.67129
21.94 4.6724
21.95 4.6735
21.96 4.6746
21.97 4.67571
21.98 4.67681
21.99 4.67791
22 4.67901
22.01 4.68012
22.02 4.68122
22.03 4.68232
22.04 4.68342
22.05 4.68452
22.06 4.68562
22.07 4.68672
22.08 4.68783
22.09 4.68893
22.1 4.69003
22.11 4.69113
22.12 4.69223
22.13 4.69333
22.14 4.69443
22.15 4.69553
22.16 4.69663
22.17 4.69773
22.18 4.69882
22.19 4.69992
22.2 4.70102
22.21 4.70212
22.22 4.70322
22.23 4.70432
22.24 4.70541
22.25 4.70651
22.26 4.70761
22.27 4.70871
22.28 4.70981
22.29 4.7109
22.3 4.712
22.31 4.7131
22.32 4.71419
22.33 4.71529
22.34 4.71638
22.35 4.71748
22.36 4.71858
22.37 4.71967
22.38 4.72077
22.39 4.72186
22.4 4.72296
22.41 4.72405
22.42 4.72515
22.43 4.72624
22.44 4.72734
22.45 4.72843
22.46 4.72952
22.47 4.73062
22.48 4.73171
22.49 4.7328
22.5 4.7339
22.51 4.73499
22.52 4.73608
22.53 4.73717
22.54 4.73827
22.55 4.73936
22.56 4.74045
22.57 4.74154
22.58 4.74263
22.59 4.74372
22.6 4.74482
22.61 4.74591
22.62 4.747
22.63 4.74809
22.64 4.74918
22.65 4.75027
22.66 4.75136
22.67 4.75245
22.68 4.75354
22.69 4.75463
22.7 4.75572
22.71 4.7568
22.72 4.75789
22.73 4.75898
22.74 4.76007
22.75 4.76116
22.76 4.76225
22.77 4.76333
22.78 4.76442
22.79 4.76551
22.8 4.76659
22.81 4.76768
22.82 4.76877
22.83 4.76985
22.84 4.77094
22.85 4.77203
22.86 4.77311
22.87 4.7742
22.88 4.77528
22.89 4.77637
22.9 4.77745
22.91 4.77854
22.92 4.77962
22.93 4.78071
22.94 4.78179
22.95 4.78287
22.96 4.78396
22.97 4.78504
22.98 4.78612
22.99 4.78721
23 4.78829
23.01 4.78937
23.02 4.79046
23.03 4.79154
23.04 4.79262
23.05 4.7937
23.06 4.79478
23.07 4.79586
23.08 4.79694
23.09 4.79803
23.1 4.79911
23.11 4.80019
23.12 4.80127
23.13 4.80235
23.14 4.80343
23.15 4.80451
23.16 4.80559
23.17 4.80666
23.18 4.80774
23.19 4.80882
23.2 4.8099
23.21 4.81098
23.22 4.81206
23.23 4.81313
23.24 4.81421
23.25 4.81529
23.26 4.81637
23.27 4.81744
23.28 4.81852
23.29 4.8196
23.3 4.82067
23.31 4.82175
23.32 4.82282
23.33 4.8239
23.34 4.82497
23.35 4.82605
23.36 4.82712
23.37 4.8282
23.38 4.82927
23.39 4.83035
23.4 4.83142
23.41 4.83249
23.42 4.83357
23.43 4.83464
23.44 4.83571
23.45 4.83679
23.46 4.83786
23.47 4.83893
23.48 4.84
23.49 4.84108
23.5 4.84215
23.51 4.84322
23.52 4.84429
23.53 4.84536
23.54 4.84643
23.55 4.8475
23.56 4.84857
23.57 4.84964
23.58 4.85071
23.59 4.85178
23.6 4.85285
23.61 4.85392
23.62 4.85499
23.63 4.85606
23.64 4.85712
23.65 4.85819
23.66 4.85926
23.67 4.86033
23.68 4.86139
23.69 4.86246
23.7 4.86353
23.71 4.86459
23.72 4.86566
23.73 4.86673
23.74 4.86779
23.75 4.86886
23.76 4.86992
23.77 4.87099
23.78 4.87205
23.79 4.87312
23.8 4.87418
23.81 4.87525
23.82 4.87631
23.83 4.87737
23.84 4.87844
23.85 4.8795
23.86 4.88056
23.87 4.88163
23.88 4.88269
23.89 4.88375
23.9 4.88481
23.91 4.88587
23.92 4.88693
23.93 4.888
23.94 4.88906
23.95 4.89012
23.96 4.89118
23.97 4.89224
23.98 4.8933
23.99 4.89436
24 4.89542
24.01 4.89648
24.02 4.89753
24.03 4.89859
24.04 4.89965
24.05 4.90071
24.06 4.90177
24.07 4.90282
24.08 4.90388
24.09 4.90494
24.1 4.906
24.11 4.90705
24.12 4.90811
24.13 4.90916
24.14 4.91022
24.15 4.91128
24.16 4.91233
24.17 4.91339
24.18 4.91444
24.19 4.91549
24.2 4.91655
24.21 4.9176
24.22 4.91866
24.23 4.91971
24.24 4.92076
24.25 4.92182
24.26 4.92287
24.27 4.92392
24.28 4.92497
24.29 4.92602
24.3 4.92708
24.31 4.92813
24.32 4.92918
24.33 4.93023
24.34 4.93128
24.35 4.93233
24.36 4.93338
24.37 4.93443
24.38 4.93548
24.39 4.93653
24.4 4.93758
24.41 4.93863
24.42 4.93967
24.43 4.94072
24.44 4.94177
24.45 4.94282
24.46 4.94386
24.47 4.94491
24.48 4.94596
24.49 4.947
24.5 4.94805
24.51 4.9491
24.52 4.95014
24.53 4.95119
24.54 4.95223
24.55 4.95328
24.56 4.95432
24.57 4.95537
24.58 4.95641
24.59 4.95745
24.6 4.9585
24.61 4.95954
24.62 4.96058
24.63 4.96162
24.64 4.96267
24.65 4.96371
24.66 4.96475
24.67 4.96579
24.68 4.96683
24.69 4.96787
24.7 4.96891
24.71 4.96996
24.72 4.971
24.73 4.97204
24.74 4.97307
24.75 4.97411
24.76 4.97515
24.77 4.97619
24.78 4.97723
24.79 4.97827
24.8 4.97931
24.81 4.98034
24.82 4.98138
24.83 4.98242
24.84 4.98345
24.85 4.98449
24.86 4.98553
24.87 4.98656
24.88 4.9876
24.89 4.98863
24.9 4.98967
24.91 4.9907
24.92 4.99174
24.93 4.99277
24.94 4.9938
24.95 4.99484
24.96 4.99587
24.97 4.9969
24.98 4.99794
24.99 4.99897
25 5
25.01 5.00103
25.02 5.00206
25.03 5.00309
25.04 5.00412
25.05 5.00516
25.06 5.00619
25.07 5.00722
25.08 5.00825
25.09 5.00927
25.1 5.0103
25.11 5.01133
25.12 5.01236
25.13 5.01339
25.14 5.01442
25.15 5.01544
25.16 5.01647
25.17 5.0175
25.18 5.01853
25.19 5.01955
25.2 5.02058
25.21 5.0216
25.22 5.02263
25.23 5.02365
25.24 5.02468
25.25 5.0257
25.26 5.02673
25.27 5.02775
25.28 5.02878
25.29 5.0298
25.3 5.03082
25.31 5.03185
25.32 5.03287
25.33 5.03389
25.34 5.03491
25.35 5.03594
25.36 5.03696
25.37 5.03798
25.38 5.039
25.39 5.04002
25.4 5.04104
25.41 5.04206
25.42 5.04308
25.43 5.0441
25.44 5.04512
25.45 5.04614
25.46 5.04716
25.47 5.04818
25.48 5.04919
25.49 5.05021
25.5 5.05123
25.51 5.05225
25.52 5.05326
25.53 5.05428
25.54 5.0553
25.55 5.05631
25.56 5.05733
25.57 5.05834
25.58 5.05936
25.59 5.06037
25.6 5.06139
25.61 5.0624
25.62 5.06342
25.63 5.06443
25.64 5.06544
25.65 5.06646
25.66 5.06747
25.67 5.06848
25.68 5.0695
25.69 5.07051
25.7 5.07152
25.71 5.07253
25.72 5.07354
25.73 5.07455
25.74 5.07557
25.75 5.07658
25.76 5.07759
25.77 5.0786
25.78 5.07961
25.79 5.08062
25.8 5.08162
25.81 5.08263
25.82 5.08364
25.83 5.08465
25.84 5.08566
25.85 5.08667
25.86 5.08767
25.87 5.08868
25.88 5.08969
25.89 5.09069
25.9 5.0917
25.91 5.09271
25.92 5.09371
25.93 5.09472
25.94 5.09572
25.95 5.09673
25.96 5.09773
25.97 5.09874
25.98 5.09974
25.99 5.10075
26 5.10175
26.01 5.10275
26.02 5.10376
26.03 5.10476
26.04 5.10576
26.05 5.10676
26.06 5.10776
26.07 5.10877
26.08 5.10977
26.09 5.11077
26.1 5.11177
26.11 5.11277
26.12 5.11377
26.13 5.11477
26.14 5.11577
26.15 5.11677
26.16 5.11777
26.17 5.11877
26.18 5.11977
26.19 5.12077
26.2 5.12176
26.21 5.12276
26.22 5.12376
26.23 5.12476
26.24 5.12575
26.25 5.12675
26.26 5.12775
26.27 5.12874
26.28 5.12974
26.29 5.13073
26.3 5.13173
26.31 5.13273
26.32 5.13372
26.33 5.13471
26.34 5.13571
26.35 5.1367
26.36 5.1377
26.37 5.13869
26.38 5.13968
26.39 5.14068
26.4 5.14167
26.41 5.14266
26.42 5.14365
26.43 5.14465
26.44 5.14564
26.45 5.14663
26.46 5.14762
26.47 5.14861
26.48 5.1496
26.49 5.15059
26.5 5.15158
26.51 5.15257
26.52 5.15356
26.53 5.15455
26.54 5.15554
26.55 5.15653
26.56 5.15752
26.57 5.15851
26.58 5.15949
26.59 5.16048
26.6 5.16147
26.61 5.16246
26.62 5.16344
26.63 5.16443
26.64 5.16542
26.65 5.1664
26.66 5.16739
26.67 5.16838
26.68 5.16936
26.69 5.17035
26.7 5.17133
26.71 5.17232
26.72 5.1733
26.73 5.17428
26.74 5.17527
26.75 5.17625
26.76 5.17723
26.77 5.17822
26.78 5.1792
26.79 5.18018
26.8 5.18117
26.81 5.18215
26.82 5.18313
26.83 5.18411
26.84 5.18509
26.85 5.18607
26.86 5.18705
26.87 5.18803
26.88 5.18901
26.89 5.18999
26.9 5.19097
26.91 5.19195
26.92 5.19293
26.93 5.19391
26.94 5.19489
26.95 5.19587
26.96 5.19685
26.97 5.19782
26.98 5.1988
26.99 5.19978
27 5.20076
27.01 5.20173
27.02 5.20271
27.03 5.20369
27.04 5.20466
27.05 5.20564
27.06 5.20661
27.07 5.20759
27.08 5.20856
27.09 5.20954
27.1 5.21051
27.11 5.21149
27.12 5.21246
27.13 5.21344
27.14 5.21441
27.15 5.21538
27.16 5.21636
27.17 5.21733
27.18 5.2183
27.19 5.21927
27.2 5.22025
27.21 5.22122
27.22 5.22219
27.23 5.22316
27.24 5.22413
27.25 5.2251
27.26 5.22607
27.27 5.22704
27.28 5.22801
27.29 5.22898
27.3 5.22995
27.31 5.23092
27.32 5.23189
27.33 5.23286
27.34 5.23383
27.35 5.2348
27.36 5.23577
27.37 5.23673
27.38 5.2377
27.39 5.23867
27.4 5.23964
27.41 5.2406
27.42 5.24157
27.43 5.24253
27.44 5.2435
27.45 5.24447
27.46 5.24543
27.47 5.2464
27.48 5.24736
27.49 5.24833
27.5 5.24929
27.51 5.25026
27.52 5.25122
27.53 5.25218
27.54 5.25315
27.55 5.25411
27.56 5.25507
27.57 5.25604
27.58 5.257
27.59 5.25796
27.6 5.25893
27.61 5.25989
27.62 5.26085
27.63 5.26181
27.64 5.26277
27.65 5.26373
27.66 5.26469
27.67 5.26565
27.68 5.26661
27.69 5.26757
27.7 5.26853
27.71 5.26949
27.72 5.27045
27.73 5.27141
27.74 5.27237
27.75 5.27333
27.76 5.27429
27.77 5.27525
27.78 5.2762
27.79 5.27716
27.8 5.27812
27.81 5.27907
27.82 5.28003
27.83 5.28099
27.84 5.28194
27.85 5.2829
27.86 5.28386
27.87 5.28481
27.88 5.28577
27.89 5.28672
27.9 5.28768
27.91 5.28863
27.92 5.28959
27.93 5.29054
27.94 5.2915
27.95 5.29245
27.96 5.2934
27.97 5.29436
27.98 5.29531
27.99 5.29626
28 5.29721
28.01 5.29817
28.02 5.29912
28.03 5.30007
28.04 5.30102
28.05 5.30197
28.06 5.30293
28.07 5.30388
28.08 5.30483
28.09 5.30578
28.1 5.30673
28.11 5.30768
28.12 5.30863
28.13 5.30958
28.14 5.31053
28.15 5.31148
28.16 5.31242
28.17 5.31337
28.18 5.31432
28.19 5.31527
28.2 5.31622
28.21 5.31716
28.22 5.31811
28.23 5.31906
28.24 5.32001
28.25 5.32095
28.26 5.3219
28.27 5.32285
28.28 5.32379
28.29 5.32474
28.3 5.32568
28.31 5.32663
28.32 5.32757
28.33 5.32852
28.34 5.32946
28.35 5.33041
28.36 5.33135
28.37 5.3323
28.38 5.33324
28.39 5.33418
28.4 5.33513
28.41 5.33607
28.42 5.33701
28.43 5.33796
28.44 5.3389
28.45 5.33984
28.46 5.34078
28.47 5.34172
28.48 5.34266
28.49 5.34361
28.5 5.34455
28.51 5.34549
28.52 5.34643
28.53 5.34737
28.54 5.34831
28.55 5.34925
28.56 5.35019
28.57 5.35113
28.58 5.35207
28.59 5.35301
28.6 5.35394
28.61 5.35488
28.62 5.35582
28.63 5.35676
28.64 5.3577
28.65 5.35864
28.66 5.35957
28.67 5.36051
28.68 5.36145
28.69 5.36238
28.7 5.36332
28.71 5.36426
28.72 5.36519
28.73 5.36613
28.74 5.36706
28.75 5.368
28.76 5.36893
28.77 5.36987
28.78 5.3708
28.79 5.37174
28.8 5.37267
28.81 5.37361
28.82 5.37454
28.83 5.37547
28.84 5.37641
28.85 5.37734
28.86 5.37827
28.87 5.37921
28.88 5.38014
28.89 5.38107
28.9 5.382
28.91 5.38294
28.92 5.38387
28.93 5.3848
28.94 5.38573
28.95 5.38666
28.96 5.38759
28.97 5.38852
28.98 5.38945
28.99 5.39038
29 5.39131
29.01 5.39224
29.02 5.39317
29.03 5.3941
29.04 5.39503
29.05 5.39596
29.06 5.39689
29.07 5.39782
29.08 5.39875
29.09 5.39967
29.1 5.4006
29.11 5.40153
29.12 5.40246
29.13 5.40338
29.14 5.40431
29.15 5.40524
29.16 5.40616
29.17 5.40709
29.18 5.40802
29.19 5.40894
29.2 5.40987
29.21 5.41079
29.22 5.41172
29.23 5.41264
29.24 5.41357
29.25 5.41449
29.26 5.41542
29.27 5.41634
29.28 5.41726
29.29 5.41819
29.3 5.41911
29.31 5.42004
29.32 5.42096
29.33 5.42188
29.34 5.4228
29.35 5.42373
29.36 5.42465
29.37 5.42557
29.38 5.42649
29.39 5.42741
29.4 5.42834
29.41 5.42926
29.42 5.43018
29.43 5.4311
29.44 5.43202
29.45 5.43294
29.46 5.43386
29.47 5.43478
29.48 5.4357
29.49 5.43662
29.5 5.43754
29.51 5.43846
29.52 5.43938
29.53 5.44029
29.54 5.44121
29.55 5.44213
29.56 5.44305
29.57 5.44397
29.58 5.44489
29.59 5.4458
29.6 5.44672
29.61 5.44764
29.62 5.44855
29.63 5.44947
29.64 5.45039
29.65 5.4513
29.66 5.45222
29.67 5.45314
29.68 5.45405
29.69 5.45497
29.7 5.45588
29.71 5.4568
29.72 5.45771
29.73 5.45863
29.74 5.45954
29.75 5.46045
29.76 5.46137
29.77 5.46228
29.78 5.4632
29.79 5.46411
29.8 5.46502
29.81 5.46594
29.82 5.46685
29.83 5.46776
29.84 5.46867
29.85 5.46959
29.86 5.4705
29.87 5.47141
29.88 5.47232
29.89 5.47323
29.9 5.47414
29.91 5.47505
29.92 5.47597
29.93 5.47688
29.94 5.47779
29.95 5.4787
29.96 5.47961
29.97 5.48052
29.98 5.48143
29.99 5.48234
30 5.48324
30.01 5.48415
30.02 5.48506
30.03 5.48597
30.04 5.48688
30.05 5.48779
30.06 5.4887
30.07 5.4896
30.08 5.49051
30.09 5.49142
30.1 5.49233
30.11 5.49323
30.12 5.49414
30.13 5.49505
30.14 5.49595
30.15 5.49686
30.16 5.49777
30.17 5.49867
30.18 5.49958
30.19 5.50048
30.2 5.50139
30.21 5.50229
30.22 5.5032
30.23 5.5041
30.24 5.50501
30.25 5.50591
30.26 5.50682
30.27 5.50772
30.28 5.50862
30.29 5.50953
30.3 5.51043
30.31 5.51133
30.32 5.51224
30.33 5.51314
30.34 5.51404
30.35 5.51494
30.36 5.51585
30.37 5.51675
30.38 5.51765
30.39 5.51855
30.4 5.51945
30.41 5.52035
30.42 5.52126
30.43 5.52216
30.44 5.52306
30.45 5.52396
30.46 5.52486
30.47 5.52576
30.48 5.52666
30.49 5.52756
30.5 5.52846
30.51 5.52936
30.52 5.53026
30.53 5.53115
30.54 5.53205
30.55 5.53295
30.56 5.53385
30.57 5.53475
30.58 5.53565
30.59 5.53654
30.6 5.53744
30.61 5.53834
30.62 5.53924
30.63 5.54013
30.64 5.54103
30.65 5.54193
30.66 5.54282
30.67 5.54372
30.68 5.54462
30.69 5.54551
30.7 5.54641
30.71 5.5473
30.72 5.5482
30.73 5.5491
30.74 5.54999
30.75 5.55089
30.76 5.55178
30.77 5.55267
30.78 5.55357
30.79 5.55446
30.8 5.55536
30.81 5.55625
30.82 5.55714
30.83 5.55804
30.84 5.55893
30.85 5.55982
30.86 5.56072
30.87 5.56161
30.88 5.5625
30.89 5.56339
30.9 5.56429
30.91 5.56518
30.92 5.56607
30.93 5.56696
30.94 5.56785
30.95 5.56875
30.96 5.56964
30.97 5.57053
30.98 5.57142
30.99 5.57231
31 5.5732
31.01 5.57409
31.02 5.57498
31.03 5.57587
31.04 5.57676
31.05 5.57765
31.06 5.57854
31.07 5.57943
31.08 5.58032
31.09 5.5812
31.1 5.58209
31.11 5.58298
31.12 5.58387
31.13 5.58476
31.14 5.58565
31.15 5.58653
31.16 5.58742
31.17 5.58831
31.18 5.5892
31.19 5.59008
31.2 5.59097
31.21 5.59186
31.22 5.59274
31.23 5.59363
31.24 5.59451
31.25 5.5954
31.26 5.59629
31.27 5.59717
31.28 5.59806
31.29 5.59894
31.3 5.59983
31.31 5.60071
31.32 5.6016
31.33 5.60248
31.34 5.60337
31.35 5.60425
31.36 5.60514
31.37 5.60602
31.38 5.6069
31.39 5.60779
31.4 5.60867
31.41 5.60955
31.42 5.61044
31.43 5.61132
31.44 5.6122
31.45 5.61308
31.46 5.61397
31.47 5.61485
31.48 5.61573
31.49 5.61661
31.5 5.61749
31.51 5.61838
31.52 5.61926
31.53 5.62014
31.54 5.62102
31.55 5.6219
31.56 5.62278
31.57 5.62366
31.58 5.62454
31.59 5.62542
31.6 5.6263
31.61 5.62718
31.62 5.62806
31.63 5.62894
31.64 5.62982
31.65 5.6307
31.66 5.63158
31.67 5.63246
31.68 5.63334
31.69 5.63421
31.7 5.63509
31.71 5.63597
31.72 5.63685
31.73 5.63773
31.74 5.6386
31.75 5.63948
31.76 5.64036
31.77 5.64124
31.78 5.64211
31.79 5.64299
31.8 5.64387
31.81 5.64474
31.82 5.64562
31.83 5.6465
31.84 5.64737
31.85 5.64825
31.86 5.64912
31.87 5.65
31.88 5.65087
31.89 5.65175
31.9 5.65262
31.91 5.6535
31.92 5.65437
31.93 5.65525
31.94 5.65612
31.95 5.657
31.96 5.65787
31.97 5.65875
31.98 5.65962
31.99 5.66049
32 5.66137
32.01 5.66224
32.02 5.66311
32.03 5.66399
32.04 5.66486
32.05 5.66573
32.06 5.6666
32.07 5.66748
32.08 5.66835
32.09 5.66922
32.1 5.67009
32.11 5.67096
32.12 5.67184
32.13 5.67271
32.14 5.67358
32.15 5.67445
32.16 5.67532
32.17 5.67619
32.18 5.67706
32.19 5.67793
32.2 5.6788
32.21 5.67967
32.22 5.68054
32.23 5.68141
32.24 5.68228
32.25 5.68315
32.26 5.68402
32.27 5.68489
32.28 5.68576
32.29 5.68663
32.3 5.6875
32.31 5.68837
32.32 5.68923
32.33 5.6901
32.34 5.69097
32.35 5.69184
32.36 5.69271
32.37 5.69357
32.38 5.69444
32.39 5.69531
32.4 5.69618
32.41 5.69704
32.42 5.69791
32.43 5.69878
32.44 5.69964
32.45 5.70051
32.46 5.70138
32.47 5.70224
32.48 5.70311
32.49 5.70398
32.5 5.70484
32.51 5.70571
32.52 5.70657
32.53 5.70744
32.54 5.7083
32.55 5.70917
32.56 5.71003
32.57 5.7109
32.58 5.71176
32.59 5.71263
32.6 5.71349
32.61 5.71435
32.62 5.71522
32.63 5.71608
32.64 5.71695
32.65 5.71781
32.66 5.71867
32.67 5.71954
32.68 5.7204
32.69 5.72126
32.7 5.72212
32.71 5.72299
32.72 5.72385
32.73 5.72471
32.74 5.72557
32.75 5.72644
32.76 5.7273
32.77 5.72816
32.78 5.72902
32.79 5.72988
32.8 5.73074
32.81 5.73161
32.82 5.73247
32.83 5.73333
32.84 5.73419
32.85 5.73505
32.86 5.73591
32.87 5.73677
32.88 5.73763
32.89 5.73849
32.9 5.73935
32.91 5.74021
32.92 5.74107
32.93 5.74193
32.94 5.74279
32.95 5.74365
32.96 5.74451
32.97 5.74536
32.98 5.74622
32.99 5.74708
33 5.74794
33.01 5.7488
33.02 5.74966
33.03 5.75051
33.04 5.75137
33.05 5.75223
33.06 5.75309
33.07 5.75395
33.08 5.7548
33.09 5.75566
33.1 5.75652
33.11 5.75737
33.12 5.75823
33.13 5.75909
33.14 5.75994
33.15 5.7608
33.16 5.76166
33.17 5.76251
33.18 5.76337
33.19 5.76422
33.2 5.76508
33.21 5.76594
33.22 5.76679
33.23 5.76765
33.24 5.7685
33.25 5.76936
33.26 5.77021
33.27 5.77107
33.28 5.77192
33.29 5.77278
33.3 5.77363
33.31 5.77448
33.32 5.77534
33.33 5.77619
33.34 5.77705
33.35 5.7779
33.36 5.77875
33.37 5.77961
33.38 5.78046
33.39 5.78131
33.4 5.78217
33.41 5.78302
33.42 5.78387
33.43 5.78472
33.44 5.78558
33.45 5.78643
33.46 5.78728
33.47 5.78813
33.48 5.78898
33.49 5.78984
33.5 5.79069
33.51 5.79154
33.52 5.79239
33.53 5.79324
33.54 5.79409
33.55 5.79494
33.56 5.7958
33.57 5.79665
33.58 5.7975
33.59 5.79835
33.6 5.7992
33.61 5.80005
33.62 5.8009
33.63 5.80175
33.64 5.8026
33.65 5.80345
33.66 5.8043
33.67 5.80515
33.68 5.806
33.69 5.80685
33.7 5.80769
33.71 5.80854
33.72 5.80939
33.73 5.81024
33.74 5.81109
33.75 5.81194
33.76 5.81279
33.77 5.81363
33.78 5.81448
33.79 5.81533
33.8 5.81618
33.81 5.81703
33.82 5.81787
33.83 5.81872
33.84 5.81957
33.85 5.82042
33.86 5.82126
33.87 5.82211
33.88 5.82296
33.89 5.8238
33.9 5.82465
33.91 5.8255
33.92 5.82634
33.93 5.82719
33.94 5.82804
33.95 5.82888
33.96 5.82973
33.97 5.83057
33.98 5.83142
33.99 5.83226
34 5.83311
34.01 5.83395
34.02 5.8348
34.03 5.83564
34.04 5.83649
34.05 5.83733
34.06 5.83818
34.07 5.83902
34.08 5.83987
34.09 5.84071
34.1 5.84156
34.11 5.8424
34.12 5.84324
34.13 5.84409
34.14 5.84493
34.15 5.84578
34.16 5.84662
34.17 5.84746
34.18 5.84831
34.19 5.84915
34.2 5.84999
34.21 5.85083
34.22 5.85168
34.23 5.85252
34.24 5.85336
34.25 5.8542
34.26 5.85505
34.27 5.85589
34.28 5.85673
34.29 5.85757
34.3 5.85841
34.31 5.85926
34.32 5.8601
34.33 5.86094
34.34 5.86178
34.35 5.86262
34.36 5.86346
34.37 5.8643
34.38 5.86515
34.39 5.86599
34.4 5.86683
34.41 5.86767
34.42 5.86851
34.43 5.86935
34.44 5.87019
34.45 5.87103
34.46 5.87187
34.47 5.87271
34.48 5.87355
34.49 5.87439
34.5 5.87523
34.51 5.87607
34.52 5.87691
34.53 5.87775
34.54 5.87858
34.55 5.87942
34.56 5.88026
34.57 5.8811
34.58 5.88194
34.59 5.88278
34.6 5.88362
34.61 5.88445
34.62 5.88529
34.63 5.88613
34.64 5.88697
34.65 5.88781
34.66 5.88864
34.67 5.88948
34.68 5.89032
34.69 5.89116
34.7 5.89199
34.71 5.89283
34.72 5.89367
34.73 5.89451
34.74 5.89534
34.75 5.89618
34.76 5.89702
34.77 5.89785
34.78 5.89869
34.79 5.89953
34.8 5.90036
34.81 5.9012
34.82 5.90203
34.83 5.90287
34.84 5.90371
34.85 5.90454
34.86 5.90538
34.87 5.90621
34.88 5.90705
34.89 5.90788
34.9 5.90872
34.91 5.90955
34.92 5.91039
34.93 5.91122
34.94 5.91206
34.95 5.91289
34.96 5.91373
34.97 5.91456
34.98 5.9154
34.99 5.91623
35 5.91707
35.01 5.9179
35.02 5.91873
35.03 5.91957
35.04 5.9204
35.05 5.92124
35.06 5.92207
35.07 5.9229
35.08 5.92374
35.09 5.92457
35.1 5.9254
35.11 5.92624
35.12 5.92707
35.13 5.9279
35.14 5.92873
35.15 5.92957
35.16 5.9304
35.17 5.93123
35.18 5.93206
35.19 5.9329
35.2 5.93373
35.21 5.93456
35.22 5.93539
35.23 5.93622
35.24 5.93706
35.25 5.93789
35.26 5.93872
35.27 5.93955
35.28 5.94038
35.29 5.94121
35.3 5.94204
35.31 5.94288
35.32 5.94371
35.33 5.94454
35.34 5.94537
35.35 5.9462
35.36 5.94703
35.37 5.94786
35.38 5.94869
35.39 5.94952
35.4 5.95035
35.41 5.95118
35.42 5.95201
35.43 5.95284
35.44 5.95367
35.45 5.9545
35.46 5.95533
35.47 5.95616
35.48 5.95699
35.49 5.95782
35.5 5.95865
35.51 5.95948
35.52 5.96031
35.53 5.96114
35.54 5.96196
35.55 5.96279
35.56 5.96362
35.57 5.96445
35.58 5.96528
35.59 5.96611
35.6 5.96694
35.61 5.96776
35.62 5.96859
35.63 5.96942
35.64 5.97025
35.65 5.97108
35.66 5.97191
35.67 5.97273
35.68 5.97356
35.69 5.97439
35.7 5.97522
35.71 5.97604
35.72 5.97687
35.73 5.9777
35.74 5.97852
35.75 5.97935
35.76 5.98018
35.77 5.98101
35.78 5.98183
35.79 5.98266
35.8 5.98349
35.81 5.98431
35.82 5.98514
35.83 5.98597
35.84 5.98679
35.85 5.98762
35.86 5.98844
35.87 5.98927
35.88 5.9901
35.89 5.99092
35.9 5.99175
35.91 5.99257
35.92 5.9934
35.93 5.99422
35.94 5.99505
35.95 5.99587
35.96 5.9967
35.97 5.99753
35.98 5.99835
35.99 5.99918
36 6
36.01 6.00082
36.02 6.00165
36.03 6.00247
36.04 6.0033
36.05 6.00412
36.06 6.00495
36.07 6.00577
36.08 6.0066
36.09 6.00742
36.1 6.00824
36.11 6.00907
36.12 6.00989
36.13 6.01072
36.14 6.01154
36.15 6.01236
36.16 6.01319
36.17 6.01401
36.18 6.01483
36.19 6.01566
36.2 6.01648
36.21 6.0173
36.22 6.01813
36.23 6.01895
36.24 6.01977
36.25 6.0206
36.26 6.02142
36.27 6.02224
36.28 6.02306
36.29 6.02389
36.3 6.02471
36.31 6.02553
36.32 6.02635
36.33 6.02718
36.34 6.028
36.35 6.02882
36.36 6.02964
36.37 6.03046
36.38 6.03129
36.39 6.03211
36.4 6.03293
36.41 6.03375
36.42 6.03457
36.43 6.03539
36.44 6.03621
36.45 6.03703
36.46 6.03786
36.47 6.03868
36.48 6.0395
36.49 6.04032
36.5 6.04114
36.51 6.04196
36.52 6.04278
36.53 6.0436
36.54 6.04442
36.55 6.04524
36.56 6.04606
36.57 6.04688
36.58 6.0477
36.59 6.04852
36.6 6.04934
36.61 6.05016
36.62 6.05098
36.63 6.0518
36.64 6.05262
36.65 6.05344
36.66 6.05426
36.67 6.05508
36.68 6.0559
36.69 6.05672
36.7 6.05754
36.71 6.05836
36.72 6.05917
36.73 6.05999
36.74 6.06081
36.75 6.06163
36.76 6.06245
36.77 6.06327
36.78 6.06409
36.79 6.0649
36.8 6.06572
36.81 6.06654
36.82 6.06736
36.83 6.06818
36.84 6.069
36.85 6.06981
36.86 6.07063
36.87 6.07145
36.88 6.07227
36.89 6.07308
36.9 6.0739
36.91 6.07472
36.92 6.07554
36.93 6.07635
36.94 6.07717
36.95 6.07799
36.96 6.0788
36.97 6.07962
36.98 6.08044
36.99 6.08125
37 6.08207
37.01 6.08289
37.02 6.0837
37.03 6.08452
37.04 6.08534
37.05 6.08615
37.06 6.08697
37.07 6.08778
37.08 6.0886
37.09 6.08942
37.1 6.09023
37.11 6.09105
37.12 6.09186
37.13 6.09268
37.14 6.09349
37.15 6.09431
37.16 6.09512
37.17 6.09594
37.18 6.09675
37.19 6.09757
37.2 6.09838
37.21 6.0992
37.22 6.10001
37.23 6.10083
37.24 6.10164
37.25 6.10246
37.26 6.10327
37.27 6.10409
37.28 6.1049
37.29 6.10571
37.3 6.10653
37.31 6.10734
37.32 6.10816
37.33 6.10897
37.34 6.10978
37.35 6.1106
37.36 6.11141
37.37 6.11222
37.38 6.11304
37.39 6.11385
37.4 6.11466
37.41 6.11548
37.42 6.11629
37.43 6.1171
37.44 6.11792
37.45 6.11873
37.46 6.11954
37.47 6.12035
37.48 6.12117
37.49 6.12198
37.5 6.12279
37.51 6.1236
37.52 6.12442
37.53 6.12523
37.54 6.12604
37.55 6.12685
37.56 6.12766
37.57 6.12848
37.58 6.12929
37.59 6.1301
37.6 6.13091
37.61 6.13172
37.62 6.13253
37.63 6.13335
37.64 6.13416
37.65 6.13497
37.66 6.13578
37.67 6.13659
37.68 6.1374
37.69 6.13821
37.7 6.13902
37.71 6.13983
37.72 6.14064
37.73 6.14145
37.74 6.14226
37.75 6.14307
37.76 6.14388
37.77 6.14469
37.78 6.1455
37.79 6.14631
37.8 6.14712
37.81 6.14793
37.82 6.14874
37.83 6.14955
37.84 6.15036
37.85 6.15117
37.86 6.15198
37.87 6.15279
37.88 6.1536
37.89 6.15441
37.9 6.15522
37.91 6.15603
37.92 6.15684
37.93 6.15765
37.94 6.15845
37.95 6.15926
37.96 6.16007
37.97 6.16088
37.98 6.16169
37.99 6.1625
38 6.1633
38.01 6.16411
38.02 6.16492
38.03 6.16573
38.04 6.16654
38.05 6.16734
38.06 6.16815
38.07 6.16896
38.08 6.16977
38.09 6.17057
38.1 6.17138
38.11 6.17219
38.12 6.173
38.13 6.1738
38.14 6.17461
38.15 6.17542
38.16 6.17622
38.17 6.17703
38.18 6.17784
38.19 6.17864
38.2 6.17945
38.21 6.18026
38.22 6.18106
38.23 6.18187
38.24 6.18268
38.25 6.18348
38.26 6.18429
38.27 6.18509
38.28 6.1859
38.29 6.1867
38.3 6.18751
38.31 6.18832
38.32 6.18912
38.33 6.18993
38.34 6.19073
38.35 6.19154
38.36 6.19234
38.37 6.19315
38.38 6.19395
38.39 6.19476
38.4 6.19556
38.41 6.19637
38.42 6.19717
38.43 6.19798
38.44 6.19878
38.45 6.19959
38.46 6.20039
38.47 6.20119
38.48 6.202
38.49 6.2028
38.5 6.20361
38.51 6.20441
38.52 6.20521
38.53 6.20602
38.54 6.20682
38.55 6.20762
38.56 6.20843
38.57 6.20923
38.58 6.21003
38.59 6.21084
38.6 6.21164
38.61 6.21244
38.62 6.21325
38.63 6.21405
38.64 6.21485
38.65 6.21565
38.66 6.21646
38.67 6.21726
38.68 6.21806
38.69 6.21886
38.7 6.21967
38.71 6.22047
38.72 6.22127
38.73 6.22207
38.74 6.22288
38.75 6.22368
38.76 6.22448
38.77 6.22528
38.78 6.22608
38.79 6.22688
38.8 6.22769
38.81 6.22849
38.82 6.22929
38.83 6.23009
38.84 6.23089
38.85 6.23169
38.86 6.23249
38.87 6.23329
38.88 6.23409
38.89 6.23489
38.9 6.23569
38.91 6.2365
38.92 6.2373
38.93 6.2381
38.94 6.2389
38.95 6.2397
38.96 6.2405
38.97 6.2413
38.98 6.2421
38.99 6.2429
39 6.2437
39.01 6.2445
39.02 6.24529
39.03 6.24609
39.04 6.24689
39.05 6.24769
39.06 6.24849
39.07 6.24929
39.08 6.25009
39.09 6.25089
39.1 6.25169
39.11 6.25249
39.12 6.25329
39.13 6.25408
39.14 6.25488
39.15 6.25568
39.16 6.25648
39.17 6.25728
39.18 6.25808
39.19 6.25887
39.2 6.25967
39.21 6.26047
39.22 6.26127
39.23 6.26207
39.24 6.26286
39.25 6.26366
39.26 6.26446
39.27 6.26526
39.28 6.26605
39.29 6.26685
39.3 6.26765
39.31 6.26844
39.32 6.26924
39.33 6.27004
39.34 6.27084
39.35 6.27163
39.36 6.27243
39.37 6.27323
39.38 6.27402
39.39 6.27482
39.4 6.27561
39.41 6.27641
39.42 6.27721
39.43 6.278
39.44 6.2788
39.45 6.2796
39.46 6.28039
39.47 6.28119
39.48 6.28198
39.49 6.28278
39.5 6.28357
39.51 6.28437
39.52 6.28516
39.53 6.28596
39.54 6.28675
39.55 6.28755
39.56 6.28834
39.57 6.28914
39.58 6.28993
39.59 6.29073
39.6 6.29152
39.61 6.29232
39.62 6.29311
39.63 6.29391
39.64 6.2947
39.65 6.2955
39.66 6.29629
39.67 6.29708
39.68 6.29788
39.69 6.29867
39.7 6.29947
39.71 6.30026
39.72 6.30105
39.73 6.30185
39.74 6.30264
39.75 6.30343
39.76 6.30423
39.77 6.30502
39.78 6.30581
39.79 6.30661
39.8 6.3074
39.81 6.30819
39.82 6.30898
39.83 6.30978
39.84 6.31057
39.85 6.31136
39.86 6.31215
39.87 6.31295
39.88 6.31374
39.89 6.31453
39.9 6.31532
39.91 6.31611
39.92 6.31691
39.93 6.3177
39.94 6.31849
39.95 6.31928
39.96 6.32007
39.97 6.32086
39.98 6.32166
39.99 6.32245
40 6.32324
40.01 6.32403
40.02 6.32482
40.03 6.32561
40.04 6.3264
40.05 6.32719
40.06 6.32798
40.07 6.32877
40.08 6.32957
40.09 6.33036
40.1 6.33115
40.11 6.33194
40.12 6.33273
40.13 6.33352
40.14 6.33431
40.15 6.3351
40.16 6.33589
40.17 6.33668
40.18 6.33747
40.19 6.33826
40.2 6.33904
40.21 6.33983
40.22 6.34062
40.23 6.34141
40.24 6.3422
40.25 6.34299
40.26 6.34378
40.27 6.34457
40.28 6.34536
40.29 6.34615
40.3 6.34694
40.31 6.34772
40.32 6.34851
40.33 6.3493
40.34 6.35009
40.35 6.35088
40.36 6.35167
40.37 6.35245
40.38 6.35324
40.39 6.35403
40.4 6.35482
40.41 6.3556
40.42 6.35639
40.43 6.35718
40.44 6.35797
40.45 6.35875
40.46 6.35954
40.47 6.36033
40.48 6.36112
40.49 6.3619
40.5 6.36269
40.51 6.36348
40.52 6.36426
40.53 6.36505
40.54 6.36584
40.55 6.36662
40.56 6.36741
40.57 6.3682
40.58 6.36898
40.59 6.36977
40.6 6.37055
40.61 6.37134
40.62 6.37213
40.63 6.37291
40.64 6.3737
40.65 6.37448
40.66 6.37527
40.67 6.37605
40.68 6.37684
40.69 6.37763
40.7 6.37841
40.71 6.3792
40.72 6.37998
40.73 6.38077
40.74 6.38155
40.75 6.38234
40.76 6.38312
40.77 6.3839
40.78 6.38469
40.79 6.38547
40.8 6.38626
40.81 6.38704
40.82 6.38783
40.83 6.38861
40.84 6.38939
40.85 6.39018
40.86 6.39096
40.87 6.39175
40.88 6.39253
40.89 6.39331
40.9 6.3941
40.91 6.39488
40.92 6.39566
40.93 6.39645
40.94 6.39723
40.95 6.39801
40.96 6.3988
40.97 6.39958
40.98 6.40036
40.99 6.40114
41 6.40193
41.01 6.40271
41.02 6.40349
41.03 6.40427
41.04 6.40506
41.05 6.40584
41.06 6.40662
41.07 6.4074
41.08 6.40819
41.09 6.40897
41.1 6.40975
41.11 6.41053
41.12 6.41131
41.13 6.41209
41.14 6.41288
41.15 6.41366
41.16 6.41444
41.17 6.41522
41.18 6.416
41.19 6.41678
41.2 6.41756
41.21 6.41834
41.22 6.41912
41.23 6.4199
41.24 6.42069
41.25 6.42147
41.26 6.42225
41.27 6.42303
41.28 6.42381
41.29 6.42459
41.3 6.42537
41.31 6.42615
41.32 6.42693
41.33 6.42771
41.34 6.42849
41.35 6.42927
41.36 6.43005
41.37 6.43082
41.38 6.4316
41.39 6.43238
41.4 6.43316
41.41 6.43394
41.42 6.43472
41.43 6.4355
41.44 6.43628
41.45 6.43706
41.46 6.43784
41.47 6.43861
41.48 6.43939
41.49 6.44017
41.5 6.44095
41.51 6.44173
41.52 6.44251
41.53 6.44328
41.54 6.44406
41.55 6.44484
41.56 6.44562
41.57 6.4464
41.58 6.44717
41.59 6.44795
41.6 6.44873
41.61 6.44951
41.62 6.45028
41.63 6.45106
41.64 6.45184
41.65 6.45261
41.66 6.45339
41.67 6.45417
41.68 6.45495
41.69 6.45572
41.7 6.4565
41.71 6.45727
41.72 6.45805
41.73 6.45883
41.74 6.4596
41.75 6.46038
41.76 6.46116
41.77 6.46193
41.78 6.46271
41.79 6.46348
41.8 6.46426
41.81 6.46504
41.82 6.46581
41.83 6.46659
41.84 6.46736
41.85 6.46814
41.86 6.46891
41.87 6.46969
41.88 6.47046
41.89 6.47124
41.9 6.47201
41.91 6.47279
41.92 6.47356
41.93 6.47434
41.94 6.47511
41.95 6.47589
41.96 6.47666
41.97 6.47743
41.98 6.47821
41.99 6.47898
42 6.47976
42.01 6.48053
42.02 6.4813
42.03 6.48208
42.04 6.48285
42.05 6.48363
42.06 6.4844
42.07 6.48517
42.08 6.48595
42.09 6.48672
42.1 6.48749
42.11 6.48826
42.12 6.48904
42.13 6.48981
42.14 6.49058
42.15 6.49136
42.16 6.49213
42.17 6.4929
42.18 6.49367
42.19 6.49445
42.2 6.49522
42.21 6.49599
42.22 6.49676
42.23 6.49753
42.24 6.49831
42.25 6.49908
42.26 6.49985
42.27 6.50062
42.28 6.50139
42.29 6.50217
42.3 6.50294
42.31 6.50371
42.32 6.50448
42.33 6.50525
42.34 6.50602
42.35 6.50679
42.36 6.50756
42.37 6.50833
42.38 6.5091
42.39 6.50988
42.4 6.51065
42.41 6.51142
42.42 6.51219
42.43 6.51296
42.44 6.51373
42.45 6.5145
42.46 6.51527
42.47 6.51604
42.48 6.51681
42.49 6.51758
42.5 6.51835
42.51 6.51912
42.52 6.51989
42.53 6.52066
42.54 6.52142
42.55 6.52219
42.56 6.52296
42.57 6.52373
42.58 6.5245
42.59 6.52527
42.6 6.52604
42.61 6.52681
42.62 6.52758
42.63 6.52834
42.64 6.52911
42.65 6.52988
42.66 6.53065
42.67 6.53142
42.68 6.53219
42.69 6.53295
42.7 6.53372
42.71 6.53449
42.72 6.53526
42.73 6.53603
42.74 6.53679
42.75 6.53756
42.76 6.53833
42.77 6.5391
42.78 6.53986
42.79 6.54063
42.8 6.5414
42.81 6.54216
42.82 6.54293
42.83 6.5437
42.84 6.54446
42.85 6.54523
42.86 6.546
42.87 6.54676
42.88 6.54753
42.89 6.5483
42.9 6.54906
42.91 6.54983
42.92 6.55059
42.93 6.55136
42.94 6.55213
42.95 6.55289
42.96 6.55366
42.97 6.55442
42.98 6.55519
42.99 6.55595
43 6.55672
43.01 6.55749
43.02 6.55825
43.03 6.55902
43.04 6.55978
43.05 6.56055
43.06 6.56131
43.07 6.56207
43.08 6.56284
43.09 6.5636
43.1 6.56437
43.11 6.56513
43.12 6.5659
43.13 6.56666
43.14 6.56743
43.15 6.56819
43.16 6.56895
43.17 6.56972
43.18 6.57048
43.19 6.57124
43.2 6.57201
43.21 6.57277
43.22 6.57354
43.23 6.5743
43.24 6.57506
43.25 6.57582
43.26 6.57659
43.27 6.57735
43.28 6.57811
43.29 6.57888
43.3 6.57964
43.31 6.5804
43.32 6.58116
43.33 6.58193
43.34 6.58269
43.35 6.58345
43.36 6.58421
43.37 6.58498
43.38 6.58574
43.39 6.5865
43.4 6.58726
43.41 6.58802
43.42 6.58879
43.43 6.58955
43.44 6.59031
43.45 6.59107
43.46 6.59183
43.47 6.59259
43.48 6.59335
43.49 6.59411
43.5 6.59488
43.51 6.59564
43.52 6.5964
43.53 6.59716
43.54 6.59792
43.55 6.59868
43.56 6.59944
43.57 6.6002
43.58 6.60096
43.59 6.60172
43.6 6.60248
43.61 6.60324
43.62 6.604
43.63 6.60476
43.64 6.60552
43.65 6.60628
43.66 6.60704
43.67 6.6078
43.68 6.60856
43.69 6.60932
43.7 6.61008
43.71 6.61084
43.72 6.61159
43.73 6.61235
43.74 6.61311
43.75 6.61387
43.76 6.61463
43.77 6.61539
43.78 6.61615
43.79 6.61691
43.8 6.61766
43.81 6.61842
43.82 6.61918
43.83 6.61994
43.84 6.6207
43.85 6.62145
43.86 6.62221
43.87 6.62297
43.88 6.62373
43.89 6.62448
43.9 6.62524
43.91 6.626
43.92 6.62676
43.93 6.62751
43.94 6.62827
43.95 6.62903
43.96 6.62979
43.97 6.63054
43.98 6.6313
43.99 6.63206
44 6.63281
44.01 6.63357
44.02 6.63433
44.03 6.63508
44.04 6.63584
44.05 6.63659
44.06 6.63735
44.07 6.63811
44.08 6.63886
44.09 6.63962
44.1 6.64037
44.11 6.64113
44.12 6.64188
44.13 6.64264
44.14 6.6434
44.15 6.64415
44.16 6.64491
44.17 6.64566
44.18 6.64642
44.19 6.64717
44.2 6.64793
44.21 6.64868
44.22 6.64943
44.23 6.65019
44.24 6.65094
44.25 6.6517
44.26 6.65245
44.27 6.65321
44.28 6.65396
44.29 6.65471
44.3 6.65547
44.31 6.65622
44.32 6.65698
44.33 6.65773
44.34 6.65848
44.35 6.65924
44.36 6.65999
44.37 6.66074
44.38 6.6615
44.39 6.66225
44.4 6.663
44.41 6.66376
44.42 6.66451
44.43 6.66526
44.44 6.66602
44.45 6.66677
44.46 6.66752
44.47 6.66827
44.48 6.66903
44.49 6.66978
44.5 6.67053
44.51 6.67128
44.52 6.67203
44.53 6.67279
44.54 6.67354
44.55 6.67429
44.56 6.67504
44.57 6.67579
44.58 6.67654
44.59 6.6773
44.6 6.67805
44.61 6.6788
44.62 6.67955
44.63 6.6803
44.64 6.68105
44.65 6.6818
44.66 6.68255
44.67 6.6833
44.68 6.68405
44.69 6.6848
44.7 6.68556
44.71 6.68631
44.72 6.68706
44.73 6.68781
44.74 6.68856
44.75 6.68931
44.76 6.69006
44.77 6.69081
44.78 6.69156
44.79 6.6923
44.8 6.69305
44.81 6.6938
44.82 6.69455
44.83 6.6953
44.84 6.69605
44.85 6.6968
44.86 6.69755
44.87 6.6983
44.88 6.69905
44.89 6.6998
44.9 6.70055
44.91 6.70129
44.92 6.70204
44.93 6.70279
44.94 6.70354
44.95 6.70429
44.96 6.70504
44.97 6.70578
44.98 6.70653
44.99 6.70728
45 6.70803
45.01 6.70877
45.02 6.70952
45.03 6.71027
45.04 6.71102
45.05 6.71176
45.06 6.71251
45.07 6.71326
45.08 6.71401
45.09 6.71475
45.1 6.7155
45.11 6.71625
45.12 6.71699
45.13 6.71774
45.14 6.71849
45.15 6.71923
45.16 6.71998
45.17 6.72073
45.18 6.72147
45.19 6.72222
45.2 6.72296
45.21 6.72371
45.22 6.72446
45.23 6.7252
45.24 6.72595
45.25 6.72669
45.26 6.72744
45.27 6.72818
45.28 6.72893
45.29 6.72967
45.3 6.73042
45.31 6.73116
45.32 6.73191
45.33 6.73265
45.34 6.7334
45.35 6.73414
45.36 6.73489
45.37 6.73563
45.38 6.73638
45.39 6.73712
45.4 6.73787
45.41 6.73861
45.42 6.73935
45.43 6.7401
45.44 6.74084
45.45 6.74159
45.46 6.74233
45.47 6.74307
45.48 6.74382
45.49 6.74456
45.5 6.7453
45.51 6.74605
45.52 6.74679
45.53 6.74753
45.54 6.74828
45.55 6.74902
45.56 6.74976
45.57 6.7505
45.58 6.75125
45.59 6.75199
45.6 6.75273
45.61 6.75347
45.62 6.75422
45.63 6.75496
45.64 6.7557
45.65 6.75644
45.66 6.75719
45.67 6.75793
45.68 6.75867
45.69 6.75941
45.7 6.76015
45.71 6.76089
45.72 6.76164
45.73 6.76238
45.74 6.76312
45.75 6.76386
45.76 6.7646
45.77 6.76534
45.78 6.76608
45.79 6.76682
45.8 6.76756
45.81 6.7683
45.82 6.76904
45.83 6.76979
45.84 6.77053
45.85 6.77127
45.86 6.77201
45.87 6.77275
45.88 6.77349
45.89 6.77423
45.9 6.77497
45.91 6.77571
45.92 6.77645
45.93 6.77718
45.94 6.77792
45.95 6.77866
45.96 6.7794
45.97 6.78014
45.98 6.78088
45.99 6.78162
46 6.78236
46.01 6.7831
46.02 6.78384
46.03 6.78458
46.04 6.78531
46.05 6.78605
46.06 6.78679
46.07 6.78753
46.08 6.78827
46.09 6.78901
46.1 6.78974
46.11 6.79048
46.12 6.79122
46.13 6.79196
46.14 6.79269
46.15 6.79343
46.16 6.79417
46.17 6.79491
46.18 6.79564
46.19 6.79638
46.2 6.79712
46.21 6.79786
46.22 6.79859
46.23 6.79933
46.24 6.80007
46.25 6.8008
46.26 6.80154
46.27 6.80228
46.28 6.80301
46.29 6.80375
46.3 6.80449
46.31 6.80522
46.32 6.80596
46.33 6.80669
46.34 6.80743
46.35 6.80817
46.36 6.8089
46.37 6.80964
46.38 6.81037
46.39 6.81111
46.4 6.81184
46.41 6.81258
46.42 6.81331
46.43 6.81405
46.44 6.81478
46.45 6.81552
46.46 6.81625
46.47 6.81699
46.48 6.81772
46.49 6.81846
46.5 6.81919
46.51 6.81993
46.52 6.82066
46.53 6.8214
46.54 6.82213
46.55 6.82286
46.56 6.8236
46.57 6.82433
46.58 6.82506
46.59 6.8258
46.6 6.82653
46.61 6.82727
46.62 6.828
46.63 6.82873
46.64 6.82947
46.65 6.8302
46.66 6.83093
46.67 6.83166
46.68 6.8324
46.69 6.83313
46.7 6.83386
46.71 6.8346
46.72 6.83533
46.73 6.83606
46.74 6.83679
46.75 6.83753
46.76 6.83826
46.77 6.83899
46.78 6.83972
46.79 6.84045
46.8 6.84119
46.81 6.84192
46.82 6.84265
46.83 6.84338
46.84 6.84411
46.85 6.84484
46.86 6.84557
46.87 6.84631
46.88 6.84704
46.89 6.84777
46.9 6.8485
46.91 6.84923
46.92 6.84996
46.93 6.85069
46.94 6.85142
46.95 6.85215
46.96 6.85288
46.97 6.85361
46.98 6.85434
46.99 6.85507
47 6.8558
47.01 6.85653
47.02 6.85726
47.03 6.85799
47.04 6.85872
47.05 6.85945
47.06 6.86018
47.07 6.86091
47.08 6.86164
47.09 6.86237
47.1 6.8631
47.11 6.86383
47.12 6.86456
47.13 6.86528
47.14 6.86601
47.15 6.86674
47.16 6.86747
47.17 6.8682
47.18 6.86893
47.19 6.86966
47.2 6.87038
47.21 6.87111
47.22 6.87184
47.23 6.87257
47.24 6.8733
47.25 6.87402
47.26 6.87475
47.27 6.87548
47.28 6.87621
47.29 6.87693
47.3 6.87766
47.31 6.87839
47.32 6.87912
47.33 6.87984
47.34 6.88057
47.35 6.8813
47.36 6.88202
47.37 6.88275
47.38 6.88348
47.39 6.8842
47.4 6.88493
47.41 6.88566
47.42 6.88638
47.43 6.88711
47.44 6.88783
47.45 6.88856
47.46 6.88929
47.47 6.89001
47.48 6.89074
47.49 6.89146
47.5 6.89219
47.51 6.89291
47.52 6.89364
47.53 6.89437
47.54 6.89509
47.55 6.89582
47.56 6.89654
47.57 6.89727
47.58 6.89799
47.59 6.89871
47.6 6.89944
47.61 6.90016
47.62 6.90089
47.63 6.90161
47.64 6.90234
47.65 6.90306
47.66 6.90379
47.67 6.90451
47.68 6.90523
47.69 6.90596
47.7 6.90668
47.71 6.9074
47.72 6.90813
47.73 6.90885
47.74 6.90957
47.75 6.9103
47.76 6.91102
47.77 6.91174
47.78 6.91247
47.79 6.91319
47.8 6.91391
47.81 6.91464
47.82 6.91536
47.83 6.91608
47.84 6.9168
47.85 6.91753
47.86 6.91825
47.87 6.91897
47.88 6.91969
47.89 6.92041
47.9 6.92114
47.91 6.92186
47.92 6.92258
47.93 6.9233
47.94 6.92402
47.95 6.92475
47.96 6.92547
47.97 6.92619
47.98 6.92691
47.99 6.92763
48 6.92835
48.01 6.92907
48.02 6.92979
48.03 6.93051
48.04 6.93123
48.05 6.93196
48.06 6.93268
48.07 6.9334
48.08 6.93412
48.09 6.93484
48.1 6.93556
48.11 6.93628
48.12 6.937
48.13 6.93772
48.14 6.93844
48.15 6.93916
48.16 6.93988
48.17 6.9406
48.18 6.94131
48.19 6.94203
48.2 6.94275
48.21 6.94347
48.22 6.94419
48.23 6.94491
48.24 6.94563
48.25 6.94635
48.26 6.94707
48.27 6.94779
48.28 6.9485
48.29 6.94922
48.3 6.94994
48.31 6.95066
48.32 6.95138
48.33 6.9521
48.34 6.95281
48.35 6.95353
48.36 6.95425
48.37 6.95497
48.38 6.95568
48.39 6.9564
48.4 6.95712
48.41 6.95784
48.42 6.95855
48.43 6.95927
48.44 6.95999
48.45 6.9607
48.46 6.96142
48.47 6.96214
48.48 6.96286
48.49 6.96357
48.5 6.96429
48.51 6.965
48.52 6.96572
48.53 6.96644
48.54 6.96715
48.55 6.96787
48.56 6.96859
48.57 6.9693
48.58 6.97002
48.59 6.97073
48.6 6.97145
48.61 6.97216
48.62 6.97288
48.63 6.9736
48.64 6.97431
48.65 6.97503
48.66 6.97574
48.67 6.97646
48.68 6.97717
48.69 6.97789
48.7 6.9786
48.71 6.97931
48.72 6.98003
48.73 6.98074
48.74 6.98146
48.75 6.98217
48.76 6.98289
48.77 6.9836
48.78 6.98431
48.79 6.98503
48.8 6.98574
48.81 6.98646
48.82 6.98717
48.83 6.98788
48.84 6.9886
48.85 6.98931
48.86 6.99002
48.87 6.99074
48.88 6.99145
48.89 6.99216
48.9 6.99288
48.91 6.99359
48.92 6.9943
48.93 6.99501
48.94 6.99573
48.95 6.99644
48.96 6.99715
48.97 6.99786
48.98 6.99858
48.99 6.99929
49 7
49.01 7.00071
49.02 7.00142
49.03 7.00214
49.04 7.00285
49.05 7.00356
49.06 7.00427
49.07 7.00498
49.08 7.00569
49.09 7.0064
49.1 7.00712
49.11 7.00783
49.12 7.00854
49.13 7.00925
49.14 7.00996
49.15 7.01067
49.16 7.01138
49.17 7.01209
49.18 7.0128
49.19 7.01351
49.2 7.01422
49.21 7.01493
49.22 7.01564
49.23 7.01635
49.24 7.01706
49.25 7.01777
49.26 7.01848
49.27 7.01919
49.28 7.0199
49.29 7.02061
49.3 7.02132
49.31 7.02203
49.32 7.02274
49.33 7.02345
49.34 7.02415
49.35 7.02486
49.36 7.02557
49.37 7.02628
49.38 7.02699
49.39 7.0277
49.4 7.02841
49.41 7.02912
49.42 7.02982
49.43 7.03053
49.44 7.03124
49.45 7.03195
49.46 7.03266
49.47 7.03336
49.48 7.03407
49.49 7.03478
49.5 7.03549
49.51 7.03619
49.52 7.0369
49.53 7.03761
49.54 7.03832
49.55 7.03902
49.56 7.03973
49.57 7.04044
49.58 7.04114
49.59 7.04185
49.6 7.04256
49.61 7.04326
49.62 7.04397
49.63 7.04468
49.64 7.04538
49.65 7.04609
49.66 7.0468
49.67 7.0475
49.68 7.04821
49.69 7.04891
49.7 7.04962
49.71 7.05032
49.72 7.05103
49.73 7.05174
49.74 7.05244
49.75 7.05315
49.76 7.05385
49.77 7.05456
49.78 7.05526
49.79 7.05597
49.8 7.05667
49.81 7.05738
49.82 7.05808
49.83 7.05879
49.84 7.05949
49.85 7.0602
49.86 7.0609
49.87 7.0616
49.88 7.06231
49.89 7.06301
49.9 7.06372
49.91 7.06442
49.92 7.06513
49.93 7.06583
49.94 7.06653
49.95 7.06724
49.96 7.06794
49.97 7.06864
49.98 7.06935
49.99 7.07005
50 7.07075
50.01 7.07146
50.02 7.07216
50.03 7.07286
50.04 7.07357
50.05 7.07427
50.06 7.07497
50.07 7.07567
50.08 7.07638
50.09 7.07708
50.1 7.07778
50.11 7.07848
50.12 7.07919
50.13 7.07989
50.14 7.08059
50.15 7.08129
50.16 7.08199
50.17 7.0827
50.18 7.0834
50.19 7.0841
50.2 7.0848
50.21 7.0855
50.22 7.0862
50.23 7.08691
50.24 7.08761
50.25 7.08831
50.26 7.08901
50.27 7.08971
50.28 7.09041
50.29 7.09111
50.3 7.09181
50.31 7.09251
50.32 7.09321
50.33 7.09391
50.34 7.09461
50.35 7.09531
50.36 7.09601
50.37 7.09672
50.38 7.09742
50.39 7.09812
50.4 7.09882
50.41 7.09951
50.42 7.10021
50.43 7.10091
50.44 7.10161
50.45 7.10231
50.46 7.10301
50.47 7.10371
50.48 7.10441
50.49 7.10511
50.5 7.10581
50.51 7.10651
50.52 7.10721
50.53 7.10791
50.54 7.10861
50.55 7.1093
50.56 7.11
50.57 7.1107
50.58 7.1114
50.59 7.1121
50.6 7.1128
50.61 7.11349
50.62 7.11419
50.63 7.11489
50.64 7.11559
50.65 7.11629
50.66 7.11698
50.67 7.11768
50.68 7.11838
50.69 7.11908
50.7 7.11977
50.71 7.12047
50.72 7.12117
50.73 7.12187
50.74 7.12256
50.75 7.12326
50.76 7.12396
50.77 7.12465
50.78 7.12535
50.79 7.12605
50.8 7.12674
50.81 7.12744
50.82 7.12814
50.83 7.12883
50.84 7.12953
50.85 7.13023
50.86 7.13092
50.87 7.13162
50.88 7.13232
50.89 7.13301
50.9 7.13371
50.91 7.1344
50.92 7.1351
50.93 7.13579
50.94 7.13649
50.95 7.13719
50.96 7.13788
50.97 7.13858
50.98 7.13927
50.99 7.13997
51 7.14066
51.01 7.14136
51.02 7.14205
51.03 7.14275
51.04 7.14344
51.05 7.14414
51.06 7.14483
51.07 7.14553
51.08 7.14622
51.09 7.14691
51.1 7.14761
51.11 7.1483
51.12 7.149
51.13 7.14969
51.14 7.15038
51.15 7.15108
51.16 7.15177
51.17 7.15247
51.18 7.15316
51.19 7.15385
51.2 7.15455
51.21 7.15524
51.22 7.15593
51.23 7.15663
51.24 7.15732
51.25 7.15801
51.26 7.15871
51.27 7.1594
51.28 7.16009
51.29 7.16079
51.3 7.16148
51.31 7.16217
51.32 7.16286
51.33 7.16356
51.34 7.16425
51.35 7.16494
51.36 7.16563
51.37 7.16633
51.38 7.16702
51.39 7.16771
51.4 7.1684
51.41 7.16909
51.42 7.16979
51.43 7.17048
51.44 7.17117
51.45 7.17186
51.46 7.17255
51.47 7.17324
51.48 7.17394
51.49 7.17463
51.5 7.17532
51.51 7.17601
51.52 7.1767
51.53 7.17739
51.54 7.17808
51.55 7.17877
51.56 7.17946
51.57 7.18015
51.58 7.18084
51.59 7.18154
51.6 7.18223
51.61 7.18292
51.62 7.18361
51.63 7.1843
51.64 7.18499
51.65 7.18568
51.66 7.18637
51.67 7.18706
51.68 7.18775
51.69 7.18844
51.7 7.18913
51.71 7.18982
51.72 7.19051
51.73 7.1912
51.74 7.19188
51.75 7.19257
51.76 7.19326
51.77 7.19395
51.78 7.19464
51.79 7.19533
51.8 7.19602
51.81 7.19671
51.82 7.1974
51.83 7.19809
51.84 7.19878
51.85 7.19946
51.86 7.20015
51.87 7.20084
51.88 7.20153
51.89 7.20222
51.9 7.20291
51.91 7.20359
51.92 7.20428
51.93 7.20497
51.94 7.20566
51.95 7.20635
51.96 7.20703
51.97 7.20772
51.98 7.20841
51.99 7.2091
52 7.20978
52.01 7.21047
52.02 7.21116
52.03 7.21185
52.04 7.21253
52.05 7.21322
52.06 7.21391
52.07 7.2146
52.08 7.21528
52.09 7.21597
52.1 7.21666
52.11 7.21734
52.12 7.21803
52.13 7.21872
52.14 7.2194
52.15 7.22009
52.16 7.22078
52.17 7.22146
52.18 7.22215
52.19 7.22283
52.2 7.22352
52.21 7.22421
52.22 7.22489
52.23 7.22558
52.24 7.22626
52.25 7.22695
52.26 7.22764
52.27 7.22832
52.28 7.22901
52.29 7.22969
52.3 7.23038
52.31 7.23106
52.32 7.23175
52.33 7.23243
52.34 7.23312
52.35 7.2338
52.36 7.23449
52.37 7.23517
52.38 7.23586
52.39 7.23654
52.4 7.23723
52.41 7.23791
52.42 7.2386
52.43 7.23928
52.44 7.23997
52.45 7.24065
52.46 7.24133
52.47 7.24202
52.48 7.2427
52.49 7.24339
52.5 7.24407
52.51 7.24475
52.52 7.24544
52.53 7.24612
52.54 7.24681
52.55 7.24749
52.56 7.24817
52.57 7.24886
52.58 7.24954
52.59 7.25022
52.6 7.25091
52.61 7.25159
52.62 7.25227
52.63 7.25296
52.64 7.25364
52.65 7.25432
52.66 7.25501
52.67 7.25569
52.68 7.25637
52.69 7.25705
52.7 7.25774
52.71 7.25842
52.72 7.2591
52.73 7.25978
52.74 7.26047
52.75 7.26115
52.76 7.26183
52.77 7.26251
52.78 7.26319
52.79 7.26388
52.8 7.26456
52.81 7.26524
52.82 7.26592
52.83 7.2666
52.84 7.26729
52.85 7.26797
52.86 7.26865
52.87 7.26933
52.88 7.27001
52.89 7.27069
52.9 7.27137
52.91 7.27206
52.92 7.27274
52.93 7.27342
52.94 7.2741
52.95 7.27478
52.96 7.27546
52.97 7.27614
52.98 7.27682
52.99 7.2775
53 7.27818
53.01 7.27886
53.02 7.27954
53.03 7.28022
53.04 7.2809
53.05 7.28158
53.06 7.28227
53.07 7.28295
53.08 7.28363
53.09 7.28431
53.1 7.28499
53.11 7.28566
53.12 7.28634
53.13 7.28702
53.14 7.2877
53.15 7.28838
53.16 7.28906
53.17 7.28974
53.18 7.29042
53.19 7.2911
53.2 7.29178
53.21 7.29246
53.22 7.29314
53.23 7.29382
53.24 7.2945
53.25 7.29518
53.26 7.29586
53.27 7.29653
53.28 7.29721
53.29 7.29789
53.3 7.29857
53.31 7.29925
53.32 7.29993
53.33 7.30061
53.34 7.30128
53.35 7.30196
53.36 7.30264
53.37 7.30332
53.38 7.304
53.39 7.30467
53.4 7.30535
53.41 7.30603
53.42 7.30671
53.43 7.30739
53.44 7.30806
53.45 7.30874
53.46 7.30942
53.47 7.3101
53.48 7.31077
53.49 7.31145
53.5 7.31213
53.51 7.31281
53.52 7.31348
53.53 7.31416
53.54 7.31484
53.55 7.31551
53.56 7.31619
53.57 7.31687
53.58 7.31755
53.59 7.31822
53.6 7.3189
53.61 7.31958
53.62 7.32025
53.63 7.32093
53.64 7.32161
53.65 7.32228
53.66 7.32296
53.67 7.32363
53.68 7.32431
53.69 7.32499
53.7 7.32566
53.71 7.32634
53.72 7.32701
53.73 7.32769
53.74 7.32837
53.75 7.32904
53.76 7.32972
53.77 7.33039
53.78 7.33107
53.79 7.33174
53.8 7.33242
53.81 7.3331
53.82 7.33377
53.83 7.33445
53.84 7.33512
53.85 7.3358
53.86 7.33647
53.87 7.33715
53.88 7.33782
53.89 7.3385
53.9 7.33917
53.91 7.33985
53.92 7.34052
53.93 7.3412
53.94 7.34187
53.95 7.34254
53.96 7.34322
53.97 7.34389
53.98 7.34457
53.99 7.34524
54 7.34592
54.01 7.34659
54.02 7.34726
54.03 7.34794
54.04 7.34861
54.05 7.34929
54.06 7.34996
54.07 7.35063
54.08 7.35131
54.09 7.35198
54.1 7.35266
54.11 7.35333
54.12 7.354
54.13 7.35468
54.14 7.35535
54.15 7.35602
54.16 7.3567
54.17 7.35737
54.18 7.35804
54.19 7.35872
54.2 7.35939
54.21 7.36006
54.22 7.36073
54.23 7.36141
54.24 7.36208
54.25 7.36275
54.26 7.36343
54.27 7.3641
54.28 7.36477
54.29 7.36544
54.3 7.36612
54.31 7.36679
54.32 7.36746
54.33 7.36813
54.34 7.36881
54.35 7.36948
54.36 7.37015
54.37 7.37082
54.38 7.37149
54.39 7.37217
54.4 7.37284
54.41 7.37351
54.42 7.37418
54.43 7.37485
54.44 7.37552
54.45 7.3762
54.46 7.37687
54.47 7.37754
54.48 7.37821
54.49 7.37888
54.5 7.37955
54.51 7.38022
54.52 7.3809
54.53 7.38157
54.54 7.38224
54.55 7.38291
54.56 7.38358
54.57 7.38425
54.58 7.38492
54.59 7.38559
54.6 7.38626
54.61 7.38693
54.62 7.3876
54.63 7.38827
54.64 7.38895
54.65 7.38962
54.66 7.39029
54.67 7.39096
54.68 7.39163
54.69 7.3923
54.7 7.39297
54.71 7.39364
54.72 7.39431
54.73 7.39498
54.74 7.39565
54.75 7.39632
54.76 7.39699
54.77 7.39766
54.78 7.39833
54.79 7.399
54.8 7.39967
54.81 7.40034
54.82 7.401
54.83 7.40167
54.84 7.40234
54.85 7.40301
54.86 7.40368
54.87 7.40435
54.88 7.40502
54.89 7.40569
54.9 7.40636
54.91 7.40703
54.92 7.4077
54.93 7.40837
54.94 7.40903
54.95 7.4097
54.96 7.41037
54.97 7.41104
54.98 7.41171
54.99 7.41238
55 7.41305
55.01 7.41371
55.02 7.41438
55.03 7.41505
55.04 7.41572
55.05 7.41639
55.06 7.41706
55.07 7.41772
55.08 7.41839
55.09 7.41906
55.1 7.41973
55.11 7.4204
55.12 7.42106
55.13 7.42173
55.14 7.4224
55.15 7.42307
55.16 7.42374
55.17 7.4244
55.18 7.42507
55.19 7.42574
55.2 7.42641
55.21 7.42707
55.22 7.42774
55.23 7.42841
55.24 7.42907
55.25 7.42974
55.26 7.43041
55.27 7.43108
55.28 7.43174
55.29 7.43241
55.3 7.43308
55.31 7.43374
55.32 7.43441
55.33 7.43508
55.34 7.43574
55.35 7.43641
55.36 7.43708
55.37 7.43774
55.38 7.43841
55.39 7.43908
55.4 7.43974
55.41 7.44041
55.42 7.44108
55.43 7.44174
55.44 7.44241
55.45 7.44307
55.46 7.44374
55.47 7.44441
55.48 7.44507
55.49 7.44574
55.5 7.4464
55.51 7.44707
55.52 7.44774
55.53 7.4484
55.54 7.44907
55.55 7.44973
55.56 7.4504
55.57 7.45106
55.58 7.45173
55.59 7.45239
55.6 7.45306
55.61 7.45372
55.62 7.45439
55.63 7.45506
55.64 7.45572
55.65 7.45639
55.66 7.45705
55.67 7.45772
55.68 7.45838
55.69 7.45905
55.7 7.45971
55.71 7.46037
55.72 7.46104
55.73 7.4617
55.74 7.46237
55.75 7.46303
55.76 7.4637
55.77 7.46436
55.78 7.46503
55.79 7.46569
55.8 7.46636
55.81 7.46702
55.82 7.46768
55.83 7.46835
55.84 7.46901
55.85 7.46968
55.86 7.47034
55.87 7.471
55.88 7.47167
55.89 7.47233
55.9 7.473
55.91 7.47366
55.92 7.47432
55.93 7.47499
55.94 7.47565
55.95 7.47632
55.96 7.47698
55.97 7.47764
55.98 7.47831
55.99 7.47897
56 7.47963
56.01 7.4803
56.02 7.48096
56.03 7.48162
56.04 7.48229
56.05 7.48295
56.06 7.48361
56.07 7.48427
56.08 7.48494
56.09 7.4856
56.1 7.48626
56.11 7.48693
56.12 7.48759
56.13 7.48825
56.14 7.48891
56.15 7.48958
56.16 7.49024
56.17 7.4909
56.18 7.49156
56.19 7.49223
56.2 7.49289
56.21 7.49355
56.22 7.49421
56.23 7.49488
56.24 7.49554
56.25 7.4962
56.26 7.49686
56.27 7.49753
56.28 7.49819
56.29 7.49885
56.3 7.49951
56.31 7.50017
56.32 7.50084
56.33 7.5015
56.34 7.50216
56.35 7.50282
56.36 7.50348
56.37 7.50414
56.38 7.50481
56.39 7.50547
56.4 7.50613
56.41 7.50679
56.42 7.50745
56.43 7.50811
56.44 7.50877
56.45 7.50943
56.46 7.5101
56.47 7.51076
56.48 7.51142
56.49 7.51208
56.5 7.51274
56.51 7.5134
56.52 7.51406
56.53 7.51472
56.54 7.51538
56.55 7.51604
56.56 7.51671
56.57 7.51737
56.58 7.51803
56.59 7.51869
56.6 7.51935
56.61 7.52001
56.62 7.52067
56.63 7.52133
56.64 7.52199
56.65 7.52265
56.66 7.52331
56.67 7.52397
56.68 7.52463
56.69 7.52529
56.7 7.52595
56.71 7.52661
56.72 7.52727
56.73 7.52793
56.74 7.52859
56.75 7.52925
56.76 7.52991
56.77 7.53057
56.78 7.53123
56.79 7.53189
56.8 7.53255
56.81 7.53321
56.82 7.53387
56.83 7.53453
56.84 7.53519
56.85 7.53585
56.86 7.53651
56.87 7.53717
56.88 7.53783
56.89 7.53849
56.9 7.53915
56.91 7.5398
56.92 7.54046
56.93 7.54112
56.94 7.54178
56.95 7.54244
56.96 7.5431
56.97 7.54376
56.98 7.54442
56.99 7.54508
57 7.54574
57.01 7.54639
57.02 7.54705
57.03 7.54771
57.04 7.54837
57.05 7.54903
57.06 7.54969
57.07 7.55035
57.08 7.551
57.09 7.55166
57.1 7.55232
57.11 7.55298
57.12 7.55364
57.13 7.5543
57.14 7.55495
57.15 7.55561
57.16 7.55627
57.17 7.55693
57.18 7.55759
57.19 7.55825
57.2 7.5589
57.21 7.55956
57.22 7.56022
57.23 7.56088
57.24 7.56153
57.25 7.56219
57.26 7.56285
57.27 7.56351
57.28 7.56417
57.29 7.56482
57.3 7.56548
57.31 7.56614
57.32 7.5668
57.33 7.56745
57.34 7.56811
57.35 7.56877
57.36 7.56943
57.37 7.57008
57.38 7.57074
57.39 7.5714
57.4 7.57205
57.41 7.57271
57.42 7.57337
57.43 7.57403
57.44 7.57468
57.45 7.57534
57.46 7.576
57.47 7.57665
57.48 7.57731
57.49 7.57797
57.5 7.57862
57.51 7.57928
57.52 7.57994
57.53 7.58059
57.54 7.58125
57.55 7.58191
57.56 7.58256
57.57 7.58322
57.58 7.58388
57.59 7.58453
57.6 7.58519
57.61 7.58585
57.62 7.5865
57.63 7.58716
57.64 7.58782
57.65 7.58847
57.66 7.58913
57.67 7.58978
57.68 7.59044
57.69 7.5911
57.7 7.59175
57.71 7.59241
57.72 7.59306
57.73 7.59372
57.74 7.59438
57.75 7.59503
57.76 7.59569
57.77 7.59634
57.78 7.597
57.79 7.59765
57.8 7.59831
57.81 7.59897
57.82 7.59962
57.83 7.60028
57.84 7.60093
57.85 7.60159
57.86 7.60224
57.87 7.6029
57.88 7.60355
57.89 7.60421
57.9 7.60486
57.91 7.60552
57.92 7.60618
57.93 7.60683
57.94 7.60749
57.95 7.60814
57.96 7.6088
57.97 7.60945
57.98 7.61011
57.99 7.61076
58 7.61142
58.01 7.61207
58.02 7.61273
58.03 7.61338
58.04 7.61403
58.05 7.61469
58.06 7.61534
58.07 7.616
58.08 7.61665
58.09 7.61731
58.1 7.61796
58.11 7.61862
58.12 7.61927
58.13 7.61993
58.14 7.62058
58.15 7.62123
58.16 7.62189
58.17 7.62254
58.18 7.6232
58.19 7.62385
58.2 7.62451
58.21 7.62516
58.22 7.62581
58.23 7.62647
58.24 7.62712
58.25 7.62778
58.26 7.62843
58.27 7.62908
58.28 7.62974
58.29 7.63039
58.3 7.63105
58.31 7.6317
58.32 7.63235
58.33 7.63301
58.34 7.63366
58.35 7.63431
58.36 7.63497
58.37 7.63562
58.38 7.63628
58.39 7.63693
58.4 7.63758
58.41 7.63824
58.42 7.63889
58.43 7.63954
58.44 7.6402
58.45 7.64085
58.46 7.6415
58.47 7.64216
58.48 7.64281
58.49 7.64346
58.5 7.64412
58.51 7.64477
58.52 7.64542
58.53 7.64608
58.54 7.64673
58.55 7.64738
58.56 7.64803
58.57 7.64869
58.58 7.64934
58.59 7.64999
58.6 7.65065
58.61 7.6513
58.62 7.65195
58.63 7.6526
58.64 7.65326
58.65 7.65391
58.66 7.65456
58.67 7.65521
58.68 7.65587
58.69 7.65652
58.7 7.65717
58.71 7.65782
58.72 7.65848
58.73 7.65913
58.74 7.65978
58.75 7.66043
58.76 7.66109
58.77 7.66174
58.78 7.66239
58.79 7.66304
58.8 7.6637
58.81 7.66435
58.82 7.665
58.83 7.66565
58.84 7.6663
58.85 7.66696
58.86 7.66761
58.87 7.66826
58.88 7.66891
58.89 7.66956
58.9 7.67022
58.91 7.67087
58.92 7.67152
58.93 7.67217
58.94 7.67282
58.95 7.67348
58.96 7.67413
58.97 7.67478
58.98 7.67543
58.99 7.67608
59 7.67673
59.01 7.67738
59.02 7.67804
59.03 7.67869
59.04 7.67934
59.05 7.67999
59.06 7.68064
59.07 7.68129
59.08 7.68194
59.09 7.6826
59.1 7.68325
59.11 7.6839
59.12 7.68455
59.13 7.6852
59.14 7.68585
59.15 7.6865
59.16 7.68715
59.17 7.68781
59.18 7.68846
59.19 7.68911
59.2 7.68976
59.21 7.69041
59.22 7.69106
59.23 7.69171
59.24 7.69236
59.25 7.69301
59.26 7.69366
59.27 7.69431
59.28 7.69497
59.29 7.69562
59.3 7.69627
59.31 7.69692
59.32 7.69757
59.33 7.69822
59.34 7.69887
59.35 7.69952
59.36 7.70017
59.37 7.70082
59.38 7.70147
59.39 7.70212
59.4 7.70277
59.41 7.70342
59.42 7.70407
59.43 7.70472
59.44 7.70537
59.45 7.70602
59.46 7.70667
59.47 7.70732
59.48 7.70797
59.49 7.70862
59.5 7.70928
59.51 7.70993
59.52 7.71058
59.53 7.71123
59.54 7.71188
59.55 7.71253
59.56 7.71318
59.57 7.71383
59.58 7.71448
59.59 7.71513
59.6 7.71578
59.61 7.71642
59.62 7.71707
59.63 7.71772
59.64 7.71837
59.65 7.71902
59.66 7.71967
59.67 7.72032
59.68 7.72097
59.69 7.72162
59.7 7.72227
59.71 7.72292
59.72 7.72357
59.73 7.72422
59.74 7.72487
59.75 7.72552
59.76 7.72617
59.77 7.72682
59.78 7.72747
59.79 7.72812
59.8 7.72877
59.81 7.72942
59.82 7.73007
59.83 7.73072
59.84 7.73136
59.85 7.73201
59.86 7.73266
59.87 7.73331
59.88 7.73396
59.89 7.73461
59.9 7.73526
59.91 7.73591
59.92 7.73656
59.93 7.73721
59.94 7.73786
59.95 7.7385
59.96 7.73915
59.97 7.7398
59.98 7.74045
59.99 7.7411
60 7.74175
60.01 7.7424
60.02 7.74305
60.03 7.7437
60.04 7.74434
60.05 7.74499
60.06 7.74564
60.07 7.74629
60.08 7.74694
60.09 7.74759
60.1 7.74824
60.11 7.74888
60.12 7.74953
60.13 7.75018
60.14 7.75083
60.15 7.75148
60.16 7.75213
60.17 7.75278
60.18 7.75342
60.19 7.75407
60.2 7.75472
60.21 7.75537
60.22 7.75602
60.23 7.75667
60.24 7.75731
60.25 7.75796
60.26 7.75861
60.27 7.75926
60.28 7.75991
60.29 7.76056
60.3 7.7612
60.31 7.76185
60.32 7.7625
60.33 7.76315
60.34 7.7638
60.35 7.76444
60.36 7.76509
60.37 7.76574
60.38 7.76639
60.39 7.76704
60.4 7.76768
60.41 7.76833
60.42 7.76898
60.43 7.76963
60.44 7.77028
60.45 7.77092
60.46 7.77157
60.47 7.77222
60.48 7.77287
60.49 7.77351
60.5 7.77416
60.51 7.77481
60.52 7.77546
60.53 7.77611
60.54 7.77675
60.55 7.7774
60.56 7.77805
60.57 7.7787
60.58 7.77934
60.59 7.77999
60.6 7.78064
60.61 7.78129
60.62 7.78193
60.63 7.78258
60.64 7.78323
60.65 7.78388
60.66 7.78452
60.67 7.78517
60.68 7.78582
60.69 7.78647
60.7 7.78711
60.71 7.78776
60.72 7.78841
60.73 7.78905
60.74 7.7897
60.75 7.79035
60.76 7.791
60.77 7.79164
60.78 7.79229
60.79 7.79294
60.8 7.79358
60.81 7.79423
60.82 7.79488
60.83 7.79553
60.84 7.79617
60.85 7.79682
60.86 7.79747
60.87 7.79811
60.88 7.79876
60.89 7.79941
60.9 7.80005
60.91 7.8007
60.92 7.80135
60.93 7.802
60.94 7.80264
60.95 7.80329
60.96 7.80394
60.97 7.80458
60.98 7.80523
60.99 7.80588
61 7.80652
61.01 7.80717
61.02 7.80782
61.03 7.80846
61.04 7.80911
61.05 7.80976
61.06 7.8104
61.07 7.81105
61.08 7.8117
61.09 7.81234
61.1 7.81299
61.11 7.81364
61.12 7.81428
61.13 7.81493
61.14 7.81558
61.15 7.81622
61.16 7.81687
61.17 7.81752
61.18 7.81816
61.19 7.81881
61.2 7.81945
61.21 7.8201
61.22 7.82075
61.23 7.82139
61.24 7.82204
61.25 7.82269
61.26 7.82333
61.27 7.82398
61.28 7.82462
61.29 7.82527
61.3 7.82592
61.31 7.82656
61.32 7.82721
61.33 7.82786
61.34 7.8285
61.35 7.82915
61.36 7.82979
61.37 7.83044
61.38 7.83109
61.39 7.83173
61.4 7.83238
61.41 7.83302
61.42 7.83367
61.43 7.83432
61.44 7.83496
61.45 7.83561
61.46 7.83625
61.47 7.8369
61.48 7.83755
61.49 7.83819
61.5 7.83884
61.51 7.83948
61.52 7.84013
61.53 7.84078
61.54 7.84142
61.55 7.84207
61.56 7.84271
61.57 7.84336
61.58 7.84401
61.59 7.84465
61.6 7.8453
61.61 7.84594
61.62 7.84659
61.63 7.84723
61.64 7.84788
61.65 7.84853
61.66 7.84917
61.67 7.84982
61.68 7.85046
61.69 7.85111
61.7 7.85175
61.71 7.8524
61.72 7.85304
61.73 7.85369
61.74 7.85434
61.75 7.85498
61.76 7.85563
61.77 7.85627
61.78 7.85692
61.79 7.85756
61.8 7.85821
61.81 7.85885
61.82 7.8595
61.83 7.86015
61.84 7.86079
61.85 7.86144
61.86 7.86208
61.87 7.86273
61.88 7.86337
61.89 7.86402
61.9 7.86466
61.91 7.86531
61.92 7.86595
61.93 7.8666
61.94 7.86724
61.95 7.86789
61.96 7.86854
61.97 7.86918
61.98 7.86983
61.99 7.87047
62 7.87112
62.01 7.87176
62.02 7.87241
62.03 7.87305
62.04 7.8737
62.05 7.87434
62.06 7.87499
62.07 7.87563
62.08 7.87628
62.09 7.87692
62.1 7.87757
62.11 7.87821
62.12 7.87886
62.13 7.8795
62.14 7.88015
62.15 7.88079
62.16 7.88144
62.17 7.88208
62.18 7.88273
62.19 7.88337
62.2 7.88402
62.21 7.88466
62.22 7.88531
62.23 7.88595
62.24 7.8866
62.25 7.88724
62.26 7.88789
62.27 7.88853
62.28 7.88918
62.29 7.88982
62.3 7.89047
62.31 7.89111
62.32 7.89176
62.33 7.8924
62.34 7.89305
62.35 7.89369
62.36 7.89434
62.37 7.89498
62.38 7.89563
62.39 7.89627
62.4 7.89692
62.41 7.89756
62.42 7.89821
62.43 7.89885
62.44 7.8995
62.45 7.90014
62.46 7.90078
62.47 7.90143
62.48 7.90207
62.49 7.90272
62.5 7.90336
62.51 7.90401
62.52 7.90465
62.53 7.9053
62.54 7.90594
62.55 7.90659
62.56 7.90723
62.57 7.90788
62.58 7.90852
62.59 7.90917
62.6 7.90981
62.61 7.91045
62.62 7.9111
62.63 7.91174
62.64 7.91239
62.65 7.91303
62.66 7.91368
62.67 7.91432
62.68 7.91497
62.69 7.91561
62.7 7.91626
62.71 7.9169
62.72 7.91754
62.73 7.91819
62.74 7.91883
62.75 7.91948
62.76 7.92012
62.77 7.92077
62.78 7.92141
62.79 7.92206
62.8 7.9227
62.81 7.92335
62.82 7.92399
62.83 7.92463
62.84 7.92528
62.85 7.92592
62.86 7.92657
62.87 7.92721
62.88 7.92786
62.89 7.9285
62.9 7.92914
62.91 7.92979
62.92 7.93043
62.93 7.93108
62.94 7.93172
62.95 7.93237
62.96 7.93301
62.97 7.93366
62.98 7.9343
62.99 7.93494
63 7.93559
63.01 7.93623
63.02 7.93688
63.03 7.93752
63.04 7.93817
63.05 7.93881
63.06 7.93945
63.07 7.9401
63.08 7.94074
63.09 7.94139
63.1 7.94203
63.11 7.94268
63.12 7.94332
63.13 7.94396
63.14 7.94461
63.15 7.94525
63.16 7.9459
63.17 7.94654
63.18 7.94719
63.19 7.94783
63.2 7.94847
63.21 7.94912
63.22 7.94976
63.23 7.95041
63.24 7.95105
63.25 7.95169
63.26 7.95234
63.27 7.95298
63.28 7.95363
63.29 7.95427
63.3 7.95492
63.31 7.95556
63.32 7.9562
63.33 7.95685
63.34 7.95749
63.35 7.95814
63.36 7.95878
63.37 7.95942
63.38 7.96007
63.39 7.96071
63.4 7.96136
63.41 7.962
63.42 7.96265
63.43 7.96329
63.44 7.96393
63.45 7.96458
63.46 7.96522
63.47 7.96587
63.48 7.96651
63.49 7.96715
63.5 7.9678
63.51 7.96844
63.52 7.96909
63.53 7.96973
63.54 7.97037
63.55 7.97102
63.56 7.97166
63.57 7.97231
63.58 7.97295
63.59 7.97359
63.6 7.97424
63.61 7.97488
63.62 7.97553
63.63 7.97617
63.64 7.97681
63.65 7.97746
63.66 7.9781
63.67 7.97875
63.68 7.97939
63.69 7.98004
63.7 7.98068
63.71 7.98132
63.72 7.98197
63.73 7.98261
63.74 7.98326
63.75 7.9839
63.76 7.98454
63.77 7.98519
63.78 7.98583
63.79 7.98648
63.8 7.98712
63.81 7.98776
63.82 7.98841
63.83 7.98905
63.84 7.9897
63.85 7.99034
63.86 7.99098
63.87 7.99163
63.88 7.99227
63.89 7.99292
63.9 7.99356
63.91 7.9942
63.92 7.99485
63.93 7.99549
63.94 7.99614
63.95 7.99678
63.96 7.99742
63.97 7.99807
63.98 7.99871
63.99 7.99936
64 8
