0 0
0.01 0.0132194
0.02 0.0263628
0.03 0.0394307
0.04 0.0524233
0.05 0.0653412
0.06 0.0781845
0.07 0.0909538
0.08 0.103649
0.09 0.116271
0.1 0.12882
0.11 0.141296
0.12 0.1537
0.13 0.166032
0.14 0.178292
0.15 0.190481
0.16 0.202599
0.17 0.214646
0.18 0.226623
0.19 0.23853
0.2 0.250368
0.21 0.262136
0.22 0.273835
0.23 0.285466
0.24 0.297028
0.25 0.308523
0.26 0.31995
0.27 0.331309
0.28 0.342602
0.29 0.353828
0.3 0.364988
0.31 0.376082
0.32 0.38711
0.33 0.398073
0.34 0.408971
0.35 0.419805
0.36 0.430574
0.37 0.441279
0.38 0.451921
0.39 0.462499
0.4 0.473014
0.41 0.483467
0.42 0.493857
0.43 0.504185
0.44 0.514451
0.45 0.524656
0.46 0.534799
0.47 0.544882
0.48 0.554904
0.49 0.564866
0.5 0.574769
0.51 0.584611
0.52 0.594395
0.53 0.604119
0.54 0.613784
0.55 0.623392
0.56 0.632941
0.57 0.642432
0.58 0.651866
0.59 0.661243
0.6 0.670563
0.61 0.679826
0.62 0.689033
0.63 0.698184
0.64 0.70728
0.65 0.716319
0.66 0.725304
0.67 0.734234
0.68 0.74311
0.69 0.751931
0.7 0.760698
0.71 0.769411
0.72 0.778072
0.73 0.786679
0.74 0.795233
0.75 0.803734
0.76 0.812184
0.77 0.820581
0.78 0.828927
0.79 0.837221
0.8 0.845464
0.81 0.853656
0.82 0.861798
0.83 0.869889
0.84 0.87793
0.85 0.885922
0.86 0.893863
0.87 0.901756
0.88 0.9096
0.89 0.917395
0.9 0.925141
0.91 0.93284
0.92 0.94049
0.93 0.948093
0.94 0.955648
0.95 0.963156
0.96 0.970618
0.97 0.978033
0.98 0.985401
0.99 0.992723
1 1
1.01 1.00723
1.02 1.01442
1.03 1.02156
1.04 1.02865
1.05 1.0357
1.06 1.04271
1.07 1.04967
1.08 1.05659
1.09 1.06347
1.1 1.0703
1.11 1.07709
1.12 1.08384
1.13 1.09054
1.14 1.0972
1.15 1.10382
1.16 1.1104
1.17 1.11693
1.18 1.12343
1.19 1.12988
1.2 1.13629
1.21 1.14267
1.22 1.149
1.23 1.15529
1.24 1.16154
1.25 1.16775
1.26 1.17393
1.27 1.18006
1.28 1.18615
1.29 1.19221
1.3 1.19822
1.31 1.2042
1.32 1.21014
1.33 1.21605
1.34 1.22191
1.35 1.22774
1.36 1.23353
1.37 1.23928
1.38 1.245
1.39 1.25068
1.4 1.25632
1.41 1.26193
1.42 1.2675
1.43 1.27304
1.44 1.27854
1.45 1.284
1.46 1.28943
1.47 1.29483
1.48 1.30019
1.49 1.30552
1.5 1.31081
1.51 1.31607
1.52 1.32129
1.53 1.32649
1.54 1.33164
1.55 1.33677
1.56 1.34186
1.57 1.34692
1.58 1.35195
1.59 1.35694
1.6 1.36191
1.61 1.36684
1.62 1.37174
1.63 1.3766
1.64 1.38144
1.65 1.38625
1.66 1.39102
1.67 1.39577
1.68 1.40048
1.69 1.40516
1.7 1.40982
1.71 1.41444
1.72 1.41903
1.73 1.4236
1.74 1.42813
1.75 1.43264
1.76 1.43712
1.77 1.44157
1.78 1.44599
1.79 1.45038
1.8 1.45474
1.81 1.45908
1.82 1.46339
1.83 1.46767
1.84 1.47192
1.85 1.47614
1.86 1.48034
1.87 1.48451
1.88 1.48866
1.89 1.49278
1.9 1.49687
1.91 1.50094
1.92 1.50498
1.93 1.50899
1.94 1.51298
1.95 1.51694
1.96 1.52088
1.97 1.5248
1.98 1.52868
1.99 1.53255
2 1.53639
2.01 1.5402
2.02 1.54399
2.03 1.54776
2.04 1.5515
2.05 1.55522
2.06 1.55892
2.07 1.56259
2.08 1.56624
2.09 1.56986
2.1 1.57347
2.11 1.57705
2.12 1.58061
2.13 1.58414
2.14 1.58766
2.15 1.59115
2.16 1.59462
2.17 1.59806
2.18 1.60149
2.19 1.6049
2.2 1.60828
2.21 1.61164
2.22 1.61498
2.23 1.61831
2.24 1.62161
2.25 1.62489
2.26 1.62815
2.27 1.63139
2.28 1.63461
2.29 1.63781
2.3 1.64099
2.31 1.64415
2.32 1.64729
2.33 1.65041
2.34 1.65351
2.35 1.6566
2.36 1.65966
2.37 1.66271
2.38 1.66574
2.39 1.66875
2.4 1.67174
2.41 1.67471
2.42 1.67767
2.43 1.68061
2.44 1.68353
2.45 1.68643
2.46 1.68932
2.47 1.69218
2.48 1.69503
2.49 1.69787
2.5 1.70069
2.51 1.70349
2.52 1.70627
2.53 1.70904
2.54 1.71179
2.55 1.71453
2.56 1.71725
2.57 1.71995
2.58 1.72264
2.59 1.72531
2.6 1.72797
2.61 1.73061
2.62 1.73324
2.63 1.73585
2.64 1.73845
2.65 1.74103
2.66 1.7436
2.67 1.74615
2.68 1.74869
2.69 1.75122
2.7 1.75373
2.71 1.75622
2.72 1.7587
2.73 1.76117
2.74 1.76363
2.75 1.76607
2.76 1.7685
2.77 1.77091
2.78 1.77332
2.79 1.7757
2.8 1.77808
2.81 1.78044
2.82 1.78279
2.83 1.78513
2.84 1.78746
2.85 1.78977
2.86 1.79207
2.87 1.79436
2.88 1.79664
2.89 1.7989
2.9 1.80115
2.91 1.8034
2.92 1.80563
2.93 1.80785
2.94 1.81005
2.95 1.81225
2.96 1.81443
2.97 1.81661
2.98 1.81877
2.99 1.82092
3 1.82307
3.01 1.8252
3.02 1.82732
3.03 1.82943
3.04 1.83153
3.05 1.83362
3.06 1.8357
3.07 1.83777
3.08 1.83983
3.09 1.84189
3.1 1.84393
3.11 1.84596
3.12 1.84798
3.13 1.85
3.14 1.852
3.15 1.854
3.16 1.85598
3.17 1.85796
3.18 1.85993
3.19 1.86189
3.2 1.86384
3.21 1.86579
3.22 1.86772
3.23 1.86965
3.24 1.87157
3.25 1.87348
3.26 1.87538
3.27 1.87727
3.28 1.87916
3.29 1.88104
3.3 1.88291
3.31 1.88477
3.32 1.88663
3.33 1.88848
3.34 1.89032
3.35 1.89216
3.36 1.89398
3.37 1.8958
3.38 1.89762
3.39 1.89942
3.4 1.90122
3.41 1.90302
3.42 1.90481
3.43 1.90659
3.44 1.90836
3.45 1.91013
3.46 1.91189
3.47 1.91365
3.48 1.9154
3.49 1.91714
3.5 1.91888
3.51 1.92061
3.52 1.92234
3.53 1.92406
3.54 1.92577
3.55 1.92748
3.56 1.92919
3.57 1.93089
3.58 1.93258
3.59 1.93427
3.6 1.93595
3.61 1.93763
3.62 1.9393
3.63 1.94097
3.64 1.94264
3.65 1.9443
3.66 1.94595
3.67 1.9476
3.68 1.94925
3.69 1.95089
3.7 1.95253
3.71 1.95416
3.72 1.95579
3.73 1.95742
3.74 1.95904
3.75 1.96065
3.76 1.96227
3.77 1.96388
3.78 1.96548
3.79 1.96708
3.8 1.96868
3.81 1.97028
3.82 1.97187
3.83 1.97346
3.84 1.97504
3.85 1.97662
3.86 1.9782
3.87 1.97978
3.88 1.98135
3.89 1.98292
3.9 1.98448
3.91 1.98605
3.92 1.98761
3.93 1.98917
3.94 1.99072
3.95 1.99227
3.96 1.99382
3.97 1.99537
3.98 1.99692
3.99 1.99846
4 2
4.01 2.00154
4.02 2.00307
4.03 2.00461
4.04 2.00614
4.05 2.00767
4.06 2.0092
4.07 2.01072
4.08 2.01225
4.09 2.01377
4.1 2.01529
4.11 2.01681
4.12 2.01833
4.13 2.01985
4.14 2.02136
4.15 2.02287
4.16 2.02439
4.17 2.0259
4.18 2.02741
4.19 2.02891
4.2 2.03042
4.21 2.03193
4.22 2.03343
4.23 2.03493
4.24 2.03644
4.25 2.03794
4.26 2.03944
4.27 2.04094
4.28 2.04244
4.29 2.04394
4.3 2.04544
4.31 2.04694
4.32 2.04843
4.33 2.04993
4.34 2.05143
4.35 2.05292
4.36 2.05442
4.37 2.05591
4.38 2.05741
4.39 2.0589
4.4 2.0604
4.41 2.06189
4.42 2.06338
4.43 2.06488
4.44 2.06637
4.45 2.06787
4.46 2.06936
4.47 2.07086
4.48 2.07235
4.49 2.07384
4.5 2.07534
4.51 2.07684
4.52 2.07833
4.53 2.07983
4.54 2.08132
4.55 2.08282
4.56 2.08432
4.57 2.08582
4.58 2.08732
4.59 2.08881
4.6 2.09031
4.61 2.09182
4.62 2.09332
4.63 2.09482
4.64 2.09632
4.65 2.09783
4.66 2.09933
4.67 2.10084
4.68 2.10234
4.69 2.10385
4.7 2.10536
4.71 2.10687
4.72 2.10838
4.73 2.10989
4.74 2.11141
4.75 2.11292
4.76 2.11444
4.77 2.11595
4.78 2.11747
4.79 2.11899
4.8 2.12051
4.81 2.12204
4.82 2.12356
4.83 2.12509
4.84 2.12661
4.85 2.12814
4.86 2.12967
4.87 2.1312
4.88 2.13274
4.89 2.13427
4.9 2.13581
4.91 2.13735
4.92 2.13889
4.93 2.14043
4.94 2.14197
4.95 2.14352
4.96 2.14507
4.97 2.14662
4.98 2.14817
4.99 2.14972
5 2.15128
5.01 2.15283
5.02 2.15439
5.03 2.15595
5.04 2.15752
5.05 2.15908
5.06 2.16065
5.07 2.16222
5.08 2.16379
5.09 2.16537
5.1 2.16694
5.11 2.16852
5.12 2.1701
5.13 2.17168
5.14 2.17327
5.15 2.17486
5.16 2.17645
5.17 2.17804
5.18 2.17964
5.19 2.18123
5.2 2.18283
5.21 2.18444
5.22 2.18604
5.23 2.18765
5.24 2.18926
5.25 2.19087
5.26 2.19249
5.27 2.1941
5.28 2.19572
5.29 2.19735
5.3 2.19897
5.31 2.2006
5.32 2.20223
5.33 2.20386
5.34 2.2055
5.35 2.20714
5.36 2.20878
5.37 2.21043
5.38 2.21207
5.39 2.21372
5.4 2.21538
5.41 2.21703
5.42 2.21869
5.43 2.22035
5.44 2.22202
5.45 2.22369
5.46 2.22536
5.47 2.22703
5.48 2.22871
5.49 2.23038
5.5 2.23207
5.51 2.23375
5.52 2.23544
5.53 2.23713
5.54 2.23883
5.55 2.24052
5.56 2.24222
5.57 2.24393
5.58 2.24563
5.59 2.24734
5.6 2.24906
5.61 2.25077
5.62 2.25249
5.63 2.25421
5.64 2.25594
5.65 2.25767
5.66 2.2594
5.67 2.26113
5.68 2.26287
5.69 2.26461
5.7 2.26636
5.71 2.2681
5.72 2.26985
5.73 2.27161
5.74 2.27337
5.75 2.27513
5.76 2.27689
5.77 2.27866
5.78 2.28043
5.79 2.2822
5.8 2.28398
5.81 2.28576
5.82 2.28754
5.83 2.28933
5.84 2.29112
5.85 2.29291
5.86 2.29471
5.87 2.29651
5.88 2.29832
5.89 2.30012
5.9 2.30193
5.91 2.30375
5.92 2.30556
5.93 2.30738
5.94 2.30921
5.95 2.31104
5.96 2.31287
5.97 2.3147
5.98 2.31654
5.99 2.31838
6 2.32022
6.01 2.32207
6.02 2.32392
6.03 2.32578
6.04 2.32764
6.05 2.3295
6.06 2.33136
6.07 2.33323
6.08 2.3351
6.09 2.33698
6.1 2.33886
6.11 2.34074
6.12 2.34262
6.13 2.34451
6.14 2.34641
6.15 2.3483
6.16 2.3502
6.17 2.3521
6.18 2.35401
6.19 2.35592
6.2 2.35783
6.21 2.35975
6.22 2.36167
6.23 2.36359
6.24 2.36552
6.25 2.36745
6.26 2.36938
6.27 2.37132
6.28 2.37326
6.29 2.37521
6.3 2.37716
6.31 2.37911
6.32 2.38106
6.33 2.38302
6.34 2.38498
6.35 2.38695
6.36 2.38891
6.37 2.39089
6.38 2.39286
6.39 2.39484
6.4 2.39682
6.41 2.39881
6.42 2.4008
6.43 2.40279
6.44 2.40479
6.45 2.40679
6.46 2.40879
6.47 2.41079
6.48 2.4128
6.49 2.41482
6.5 2.41683
6.51 2.41885
6.52 2.42088
6.53 2.4229
6.54 2.42493
6.55 2.42697
6.56 2.429
6.57 2.43104
6.58 2.43309
6.59 2.43513
6.6 2.43718
6.61 2.43924
6.62 2.44129
6.63 2.44335
6.64 2.44542
6.65 2.44748
6.66 2.44955
6.67 2.45163
6.68 2.45371
6.69 2.45579
6.7 2.45787
6.71 2.45996
6.72 2.46205
6.73 2.46414
6.74 2.46623
6.75 2.46833
6.76 2.47044
6.77 2.47254
6.78 2.47465
6.79 2.47677
6.8 2.47888
6.81 2.481
6.82 2.48312
6.83 2.48525
6.84 2.48738
6.85 2.48951
6.86 2.49164
6.87 2.49378
6.88 2.49592
6.89 2.49807
6.9 2.50022
6.91 2.50237
6.92 2.50452
6.93 2.50668
6.94 2.50884
6.95 2.511
6.96 2.51317
6.97 2.51534
6.98 2.51751
6.99 2.51968
7 2.52186
7.01 2.52404
7.02 2.52623
7.03 2.52842
7.04 2.53061
7.05 2.5328
7.06 2.535
7.07 2.5372
7.08 2.5394
7.09 2.5416
7.1 2.54381
7.11 2.54602
7.12 2.54824
7.13 2.55046
7.14 2.55268
7.15 2.5549
7.16 2.55712
7.17 2.55935
7.18 2.56158
7.19 2.56382
7.2 2.56606
7.21 2.5683
7.22 2.57054
7.23 2.57278
7.24 2.57503
7.25 2.57728
7.26 2.57954
7.27 2.58179
7.28 2.58405
7.29 2.58631
7.3 2.58858
7.31 2.59085
7.32 2.59312
7.33 2.59539
7.34 2.59766
7.35 2.59994
7.36 2.60222
7.37 2.6045
7.38 2.60679
7.39 2.60908
7.4 2.61137
7.41 2.61366
7.42 2.61596
7.43 2.61826
7.44 2.62056
7.45 2.62286
7.46 2.62517
7.47 2.62748
7.48 2.62979
7.49 2.6321
7.5 2.63442
7.51 2.63673
7.52 2.63905
7.53 2.64138
7.54 2.6437
7.55 2.64603
7.56 2.64836
7.57 2.65069
7.58 2.65303
7.59 2.65536
7.6 2.6577
7.61 2.66005
7.62 2.66239
7.63 2.66474
7.64 2.66708
7.65 2.66943
7.66 2.67179
7.67 2.67414
7.68 2.6765
7.69 2.67886
7.7 2.68122
7.71 2.68358
7.72 2.68595
7.73 2.68831
7.74 2.69068
7.75 2.69306
7.76 2.69543
7.77 2.69781
7.78 2.70018
7.79 2.70256
7.8 2.70494
7.81 2.70733
7.82 2.70971
7.83 2.7121
7.84 2.71449
7.85 2.71688
7.86 2.71927
7.87 2.72167
7.88 2.72407
7.89 2.72647
7.9 2.72887
7.91 2.73127
7.92 2.73367
7.93 2.73608
7.94 2.73849
7.95 2.74089
7.96 2.74331
7.97 2.74572
7.98 2.74813
7.99 2.75055
8 2.75297
8.01 2.75539
8.02 2.75781
8.03 2.76023
8.04 2.76265
8.05 2.76508
8.06 2.76751
8.07 2.76994
8.08 2.77237
8.09 2.7748
8.1 2.77723
8.11 2.77966
8.12 2.7821
8.13 2.78454
8.14 2.78698
8.15 2.78942
8.16 2.79186
8.17 2.7943
8.18 2.79675
8.19 2.79919
8.2 2.80164
8.21 2.80409
8.22 2.80654
8.23 2.80899
8.24 2.81144
8.25 2.81389
8.26 2.81635
8.27 2.8188
8.28 2.82126
8.29 2.82372
8.3 2.82618
8.31 2.82864
8.32 2.8311
8.33 2.83356
8.34 2.83602
8.35 2.83849
8.36 2.84095
8.37 2.84342
8.38 2.84589
8.39 2.84835
8.4 2.85082
8.41 2.85329
8.42 2.85576
8.43 2.85824
8.44 2.86071
8.45 2.86318
8.46 2.86566
8.47 2.86813
8.48 2.87061
8.49 2.87309
8.5 2.87556
8.51 2.87804
8.52 2.88052
8.53 2.883
8.54 2.88548
8.55 2.88796
8.56 2.89044
8.57 2.89293
8.58 2.89541
8.59 2.89789
8.6 2.90038
8.61 2.90286
8.62 2.90535
8.63 2.90783
8.64 2.91032
8.65 2.9128
8.66 2.91529
8.67 2.91778
8.68 2.92027
8.69 2.92276
8.7 2.92525
8.71 2.92773
8.72 2.93022
8.73 2.93271
8.74 2.9352
8.75 2.93769
8.76 2.94019
8.77 2.94268
8.78 2.94517
8.79 2.94766
8.8 2.95015
8.81 2.95264
8.82 2.95514
8.83 2.95763
8.84 2.96012
8.85 2.96261
8.86 2.9651
8.87 2.9676
8.88 2.97009
8.89 2.97258
8.9 2.97508
8.91 2.97757
8.92 2.98006
8.93 2.98255
8.94 2.98505
8.95 2.98754
8.96 2.99003
8.97 2.99252
8.98 2.99502
8.99 2.99751
9 3
9.01 3.00249
9.02 3.00498
9.03 3.00747
9.04 3.00997
9.05 3.01246
9.06 3.01495
9.07 3.01744
9.08 3.01993
9.09 3.02242
9.1 3.02491
9.11 3.02739
9.12 3.02988
9.13 3.03237
9.14 3.03486
9.15 3.03735
9.16 3.03983
9.17 3.04232
9.18 3.0448
9.19 3.04729
9.2 3.04977
9.21 3.05226
9.22 3.05474
9.23 3.05722
9.24 3.05971
9.25 3.06219
9.26 3.06467
9.27 3.06715
9.28 3.06963
9.29 3.07211
9.3 3.07459
9.31 3.07706
9.32 3.07954
9.33 3.08202
9.34 3.08449
9.35 3.08697
9.36 3.08944
9.37 3.09191
9.38 3.09438
9.39 3.09686
9.4 3.09933
9.41 3.10179
9.42 3.10426
9.43 3.10673
9.44 3.1092
9.45 3.11166
9.46 3.11413
9.47 3.11659
9.48 3.11905
9.49 3.12151
9.5 3.12397
9.51 3.12643
9.52 3.12889
9.53 3.13135
9.54 3.1338
9.55 3.13625
9.56 3.13871
9.57 3.14116
9.58 3.14361
9.59 3.14606
9.6 3.14851
9.61 3.15095
9.62 3.1534
9.63 3.15584
9.64 3.15829
9.65 3.16073
9.66 3.16317
9.67 3.16561
9.68 3.16805
9.69 3.17048
9.7 3.17292
9.71 3.17535
9.72 3.17778
9.73 3.18021
9.74 3.18264
9.75 3.18507
9.76 3.18749
9.77 3.18992
9.78 3.19234
9.79 3.19476
9.8 3.19718
9.81 3.1996
9.82 3.20201
9.83 3.20443
9.84 3.20684
9.85 3.20925
9.86 3.21166
9.87 3.21407
9.88 3.21647
9.89 3.21888
9.9 3.22128
9.91 3.22368
9.92 3.22608
9.93 3.22847
9.94 3.23087
9.95 3.23326
9.96 3.23565
9.97 3.23804
9.98 3.24043
9.99 3.24281
10 3.2452
10.01 3.24758
10.02 3.24996
10.03 3.25233
10.04 3.25471
10.05 3.25708
10.06 3.25945
10.07 3.26182
10.08 3.26419
10.09 3.26656
10.1 3.26892
10.11 3.27128
10.12 3.27364
10.13 3.27599
10.14 3.27835
10.15 3.2807
10.16 3.28305
10.17 3.2854
10.18 3.28774
10.19 3.29009
10.2 3.29243
10.21 3.29477
10.22 3.2971
10.23 3.29944
10.24 3.30177
10.25 3.3041
10.26 3.30643
10.27 3.30875
10.28 3.31107
10.29 3.31339
10.3 3.31571
10.31 3.31802
10.32 3.32034
10.33 3.32265
10.34 3.32495
10.35 3.32726
10.36 3.32956
10.37 3.33186
10.38 3.33416
10.39 3.33645
10.4 3.33874
10.41 3.34103
10.42 3.34332
10.43 3.34561
10.44 3.34789
10.45 3.35017
10.46 3.35244
10.47 3.35472
10.48 3.35699
10.49 3.35926
10.5 3.36152
10.51 3.36378
10.52 3.36604
10.53 3.3683
10.54 3.37055
10.55 3.37281
10.56 3.37506
10.57 3.3773
10.58 3.37954
10.59 3.38178
10.6 3.38402
10.61 3.38626
10.62 3.38849
10.63 3.39072
10.64 3.39294
10.65 3.39517
10.66 3.39738
10.67 3.3996
10.68 3.40182
10.69 3.40403
10.7 3.40623
10.71 3.40844
10.72 3.41064
10.73 3.41284
10.74 3.41504
10.75 3.41723
10.76 3.41942
10.77 3.4216
10.78 3.42379
10.79 3.42597
10.8 3.42814
10.81 3.43032
10.82 3.43249
10.83 3.43466
10.84 3.43682
10.85 3.43898
10.86 3.44114
10.87 3.44329
10.88 3.44545
10.89 3.44759
10.9 3.44974
10.91 3.45188
10.92 3.45402
10.93 3.45615
10.94 3.45828
10.95 3.46041
10.96 3.46254
10.97 3.46466
10.98 3.46678
10.99 3.46889
11 3.471
11.01 3.47311
11.02 3.47522
11.03 3.47732
11.04 3.47941
11.05 3.48151
11.06 3.4836
11.07 3.48569
11.08 3.48777
11.09 3.48985
11.1 3.49193
11.11 3.494
11.12 3.49607
11.13 3.49814
11.14 3.5002
11.15 3.50226
11.16 3.50431
11.17 3.50636
11.18 3.50841
11.19 3.51046
11.2 3.5125
11.21 3.51453
11.22 3.51657
11.23 3.5186
11.24 3.52062
11.25 3.52265
11.26 3.52467
11.27 3.52668
11.28 3.52869
11.29 3.5307
11.3 3.5327
11.31 3.5347
11.32 3.5367
11.33 3.53869
11.34 3.54068
11.35 3.54267
11.36 3.54465
11.37 3.54663
11.38 3.5486
11.39 3.55057
11.4 3.55254
11.41 3.5545
11.42 3.55646
11.43 3.55841
11.44 3.56036
11.45 3.56231
11.46 3.56425
11.47 3.56619
11.48 3.56812
11.49 3.57005
11.5 3.57198
11.51 3.5739
11.52 3.57582
11.53 3.57774
11.54 3.57965
11.55 3.58156
11.56 3.58346
11.57 3.58536
11.58 3.58725
11.59 3.58915
11.6 3.59103
11.61 3.59292
11.62 3.5948
11.63 3.59667
11.64 3.59854
11.65 3.60041
11.66 3.60227
11.67 3.60413
11.68 3.60598
11.69 3.60783
11.7 3.60968
11.71 3.61152
11.72 3.61336
11.73 3.6152
11.74 3.61702
11.75 3.61885
11.76 3.62067
11.77 3.62249
11.78 3.6243
11.79 3.62611
11.8 3.62792
11.81 3.62972
11.82 3.63151
11.83 3.63331
11.84 3.63509
11.85 3.63688
11.86 3.63866
11.87 3.64043
11.88 3.6422
11.89 3.64397
11.9 3.64573
11.91 3.64749
11.92 3.64924
11.93 3.65099
11.94 3.65274
11.95 3.65448
11.96 3.65622
11.97 3.65795
11.98 3.65968
11.99 3.6614
12 3.66312
12.01 3.66484
12.02 3.66655
12.03 3.66825
12.04 3.66995
12.05 3.67165
12.06 3.67335
12.07 3.67503
12.08 3.67672
12.09 3.6784
12.1 3.68007
12.11 3.68175
12.12 3.68341
12.13 3.68508
12.14 3.68673
12.15 3.68839
12.16 3.69004
12.17 3.69168
12.18 3.69332
12.19 3.69496
12.2 3.69659
12.21 3.69822
12.22 3.69984
12.23 3.70146
12.24 3.70307
12.25 3.70468
12.26 3.70628
12.27 3.70788
12.28 3.70948
12.29 3.71107
12.3 3.71266
12.31 3.71424
12.32 3.71582
12.33 3.71739
12.34 3.71896
12.35 3.72052
12.36 3.72208
12.37 3.72364
12.38 3.72519
12.39 3.72674
12.4 3.72828
12.41 3.72982
12.42 3.73135
12.43 3.73288
12.44 3.7344
12.45 3.73592
12.46 3.73743
12.47 3.73894
12.48 3.74045
12.49 3.74195
12.5 3.74344
12.51 3.74493
12.52 3.74642
12.53 3.7479
12.54 3.74938
12.55 3.75085
12.56 3.75232
12.57 3.75379
12.58 3.75525
12.59 3.7567
12.6 3.75815
12.61 3.7596
12.62 3.76104
12.63 3.76247
12.64 3.76391
12.65 3.76533
12.66 3.76675
12.67 3.76817
12.68 3.76959
12.69 3.77099
12.7 3.7724
12.71 3.7738
12.72 3.77519
12.73 3.77658
12.74 3.77797
12.75 3.77935
12.76 3.78072
12.77 3.7821
12.78 3.78346
12.79 3.78482
12.8 3.78618
12.81 3.78753
12.82 3.78888
12.83 3.79023
12.84 3.79157
12.85 3.7929
12.86 3.79423
12.87 3.79555
12.88 3.79687
12.89 3.79819
12.9 3.7995
12.91 3.80081
12.92 3.80211
12.93 3.80341
12.94 3.8047
12.95 3.80599
12.96 3.80727
12.97 3.80855
12.98 3.80982
12.99 3.81109
13 3.81235
13.01 3.81361
13.02 3.81487
13.03 3.81612
13.04 3.81737
13.05 3.81861
13.06 3.81984
13.07 3.82107
13.08 3.8223
13.09 3.82352
13.1 3.82474
13.11 3.82595
13.12 3.82716
13.13 3.82837
13.14 3.82957
13.15 3.83076
13.16 3.83195
13.17 3.83314
13.18 3.83432
13.19 3.83549
13.2 3.83666
13.21 3.83783
13.22 3.83899
13.23 3.84015
13.24 3.8413
13.25 3.84245
13.26 3.84359
13.27 3.84473
13.28 3.84587
13.29 3.84699
13.3 3.84812
13.31 3.84924
13.32 3.85035
13.33 3.85147
13.34 3.85257
13.35 3.85367
13.36 3.85477
13.37 3.85586
13.38 3.85695
13.39 3.85803
13.4 3.85911
13.41 3.86019
13.42 3.86125
13.43 3.86232
13.44 3.86338
13.45 3.86443
13.46 3.86549
13.47 3.86653
13.48 3.86757
13.49 3.86861
13.5 3.86964
13.51 3.87067
13.52 3.87169
13.53 3.87271
13.54 3.87373
13.55 3.87474
13.56 3.87574
13.57 3.87674
13.58 3.87774
13.59 3.87873
13.6 3.87971
13.61 3.8807
13.62 3.88167
13.63 3.88265
13.64 3.88361
13.65 3.88458
13.66 3.88554
13.67 3.88649
13.68 3.88744
13.69 3.88839
13.7 3.88933
13.71 3.89026
13.72 3.8912
13.73 3.89212
13.74 3.89305
13.75 3.89397
13.76 3.89488
13.77 3.89579
13.78 3.89669
13.79 3.8976
13.8 3.89849
13.81 3.89938
13.82 3.90027
13.83 3.90115
13.84 3.90203
13.85 3.9029
13.86 3.90377
13.87 3.90464
13.88 3.9055
13.89 3.90635
13.9 3.90721
13.91 3.90805
13.92 3.9089
13.93 3.90973
13.94 3.91057
13.95 3.9114
13.96 3.91222
13.97 3.91304
13.98 3.91386
13.99 3.91467
14 3.91548
14.01 3.91628
14.02 3.91708
14.03 3.91787
14.04 3.91866
14.05 3.91945
14.06 3.92023
14.07 3.92101
14.08 3.92178
14.09 3.92255
14.1 3.92331
14.11 3.92407
14.12 3.92483
14.13 3.92558
14.14 3.92632
14.15 3.92707
14.16 3.9278
14.17 3.92854
14.18 3.92927
14.19 3.92999
14.2 3.93071
14.21 3.93143
14.22 3.93214
14.23 3.93285
14.24 3.93355
14.25 3.93425
14.26 3.93495
14.27 3.93564
14.28 3.93633
14.29 3.93701
14.3 3.93769
14.31 3.93836
14.32 3.93903
14.33 3.9397
14.34 3.94036
14.35 3.94102
14.36 3.94167
14.37 3.94232
14.38 3.94297
14.39 3.94361
14.4 3.94425
14.41 3.94488
14.42 3.94551
14.43 3.94614
14.44 3.94676
14.45 3.94737
14.46 3.94799
14.47 3.94859
14.48 3.9492
14.49 3.9498
14.5 3.9504
14.51 3.95099
14.52 3.95158
14.53 3.95216
14.54 3.95274
14.55 3.95332
14.56 3.95389
14.57 3.95446
14.58 3.95502
14.59 3.95559
14.6 3.95614
14.61 3.95669
14.62 3.95724
14.63 3.95779
14.64 3.95833
14.65 3.95887
14.66 3.9594
14.67 3.95993
14.68 3.96045
14.69 3.96098
14.7 3.96149
14.71 3.96201
14.72 3.96252
14.73 3.96302
14.74 3.96353
14.75 3.96402
14.76 3.96452
14.77 3.96501
14.78 3.9655
14.79 3.96598
14.8 3.96646
14.81 3.96694
14.82 3.96741
14.83 3.96788
14.84 3.96834
14.85 3.9688
14.86 3.96926
14.87 3.96971
14.88 3.97016
14.89 3.97061
14.9 3.97105
14.91 3.97149
14.92 3.97193
14.93 3.97236
14.94 3.97279
14.95 3.97321
14.96 3.97363
14.97 3.97405
14.98 3.97446
14.99 3.97487
15 3.97528
15.01 3.97568
15.02 3.97608
15.03 3.97648
15.04 3.97687
15.05 3.97726
15.06 3.97765
15.07 3.97803
15.08 3.97841
15.09 3.97878
15.1 3.97915
15.11 3.97952
15.12 3.97989
15.13 3.98025
15.14 3.98061
15.15 3.98096
15.16 3.98131
15.17 3.98166
15.18 3.982
15.19 3.98234
15.2 3.98268
15.21 3.98302
15.22 3.98335
15.23 3.98368
15.24 3.984
15.25 3.98432
15.26 3.98464
15.27 3.98495
15.28 3.98527
15.29 3.98557
15.3 3.98588
15.31 3.98618
15.32 3.98648
15.33 3.98678
15.34 3.98707
15.35 3.98736
15.36 3.98764
15.37 3.98793
15.38 3.98821
15.39 3.98848
15.4 3.98876
15.41 3.98903
15.42 3.98929
15.43 3.98956
15.44 3.98982
15.45 3.99008
15.46 3.99033
15.47 3.99059
15.48 3.99083
15.49 3.99108
15.5 3.99132
15.51 3.99156
15.52 3.9918
15.53 3.99204
15.54 3.99227
15.55 3.9925
15.56 3.99272
15.57 3.99295
15.58 3.99317
15.59 3.99338
15.6 3.9936
15.61 3.99381
15.62 3.99402
15.63 3.99422
15.64 3.99443
15.65 3.99463
15.66 3.99482
15.67 3.99502
15.68 3.99521
15.69 3.9954
15.7 3.99559
15.71 3.99577
15.72 3.99595
15.73 3.99613
15.74 3.99631
15.75 3.99648
15.76 3.99665
15.77 3.99682
15.78 3.99699
15.79 3.99715
15.8 3.99731
15.81 3.99747
15.82 3.99762
15.83 3.99778
15.84 3.99793
15.85 3.99807
15.86 3.99822
15.87 3.99836
15.88 3.9985
15.89 3.99864
15.9 3.99878
15.91 3.99891
15.92 3.99904
15.93 3.99917
15.94 3.99929
15.95 3.99942
15.96 3.99954
15.97 3.99966
15.98 3.99977
15.99 3.99989
16 4
16.01 4.00011
16.02 4.00022
16.03 4.00032
16.04 4.00043
16.05 4.00053
16.06 4.00062
16.07 4.00072
16.08 4.00082
16.09 4.00091
16.1 4.001
16.11 4.00109
16.12 4.00117
16.13 4.00125
16.14 4.00134
16.15 4.00142
16.16 4.00149
16.17 4.00157
16.18 4.00164
16.19 4.00171
16.2 4.00178
16.21 4.00185
16.22 4.00192
16.23 4.00198
16.24 4.00204
16.25 4.0021
16.26 4.00216
16.27 4.00221
16.28 4.00227
16.29 4.00232
16.3 4.00237
16.31 4.00242
16.32 4.00247
16.33 4.00251
16.34 4.00255
16.35 4.00259
16.36 4.00263
16.37 4.00267
16.38 4.00271
16.39 4.00274
16.4 4.00278
16.41 4.00281
16.42 4.00284
16.43 4.00286
16.44 4.00289
16.45 4.00292
16.46 4.00294
16.47 4.00296
16.48 4.00298
16.49 4.003
16.5 4.00301
16.51 4.00303
16.52 4.00304
16.53 4.00306
16.54 4.00307
16.55 4.00308
16.56 4.00308
16.57 4.00309
16.58 4.0031
16.59 4.0031
16.6 4.0031
16.61 4.0031
16.62 4.0031
16.63 4.0031
16.64 4.0031
16.65 4.00309
16.66 4.00309
16.67 4.00308
16.68 4.00307
16.69 4.00307
16.7 4.00306
16.71 4.00304
16.72 4.00303
16.73 4.00302
16.74 4.003
16.75 4.00299
16.76 4.00297
16.77 4.00295
16.78 4.00293
16.79 4.00291
16.8 4.00289
16.81 4.00287
16.82 4.00284
16.83 4.00282
16.84 4.00279
16.85 4.00277
16.86 4.00274
16.87 4.00271
16.88 4.00268
16.89 4.00265
16.9 4.00262
16.91 4.00259
16.92 4.00256
16.93 4.00252
16.94 4.00249
16.95 4.00245
16.96 4.00242
16.97 4.00238
16.98 4.00234
16.99 4.0023
17 4.00227
17.01 4.00223
17.02 4.00219
17.03 4.00215
17.04 4.0021
17.05 4.00206
17.06 4.00202
17.07 4.00198
17.08 4.00193
17.09 4.00189
17.1 4.00184
17.11 4.0018
17.12 4.00175
17.13 4.0017
17.14 4.00166
17.15 4.00161
17.16 4.00156
17.17 4.00151
17.18 4.00146
17.19 4.00142
17.2 4.00137
17.21 4.00132
17.22 4.00127
17.23 4.00122
17.24 4.00116
17.25 4.00111
17.26 4.00106
17.27 4.00101
17.28 4.00096
17.29 4.00091
17.3 4.00085
17.31 4.0008
17.32 4.00075
17.33 4.0007
17.34 4.00064
17.35 4.00059
17.36 4.00054
17.37 4.00048
17.38 4.00043
17.39 4.00038
17.4 4.00032
17.41 4.00027
17.42 4.00022
17.43 4.00016
17.44 4.00011
17.45 4.00006
17.46 4.00001
17.47 3.99995
17.48 3.9999
17.49 3.99985
17.5 3.99979
17.51 3.99974
17.52 3.99969
17.53 3.99964
17.54 3.99958
17.55 3.99953
17.56 3.99948
17.57 3.99943
17.58 3.99938
17.59 3.99933
17.6 3.99928
17.61 3.99923
17.62 3.99918
17.63 3.99913
17.64 3.99908
17.65 3.99903
17.66 3.99898
17.67 3.99894
17.68 3.99889
17.69 3.99884
17.7 3.9988
17.71 3.99875
17.72 3.99871
17.73 3.99866
17.74 3.99862
17.75 3.99857
17.76 3.99853
17.77 3.99849
17.78 3.99845
17.79 3.99841
17.8 3.99837
17.81 3.99833
17.82 3.99829
17.83 3.99825
17.84 3.99821
17.85 3.99818
17.86 3.99814
17.87 3.99811
17.88 3.99807
17.89 3.99804
17.9 3.998
17.91 3.99797
17.92 3.99794
17.93 3.99791
17.94 3.99788
17.95 3.99785
17.96 3.99783
17.97 3.9978
17.98 3.99778
17.99 3.99775
18 3.99773
18.01 3.99771
18.02 3.99769
18.03 3.99766
18.04 3.99765
18.05 3.99763
18.06 3.99761
18.07 3.9976
18.08 3.99758
18.09 3.99757
18.1 3.99756
18.11 3.99754
18.12 3.99753
18.13 3.99753
18.14 3.99752
18.15 3.99751
18.16 3.99751
18.17 3.9975
18.18 3.9975
18.19 3.9975
18.2 3.9975
18.21 3.9975
18.22 3.99751
18.23 3.99751
18.24 3.99752
18.25 3.99753
18.26 3.99754
18.27 3.99755
18.28 3.99756
18.29 3.99757
18.3 3.99759
18.31 3.9976
18.32 3.99762
18.33 3.99764
18.34 3.99766
18.35 3.99769
18.36 3.99771
18.37 3.99774
18.38 3.99777
18.39 3.9978
18.4 3.99783
18.41 3.99786
18.42 3.9979
18.43 3.99793
18.44 3.99797
18.45 3.99801
18.46 3.99805
18.47 3.9981
18.48 3.99814
18.49 3.99819
18.5 3.99824
18.51 3.99829
18.52 3.99835
18.53 3.9984
18.54 3.99846
18.55 3.99852
18.56 3.99858
18.57 3.99864
18.58 3.99871
18.59 3.99877
18.6 3.99884
18.61 3.99892
18.62 3.99899
18.63 3.99906
18.64 3.99914
18.65 3.99922
18.66 3.9993
18.67 3.99939
18.68 3.99947
18.69 3.99956
18.7 3.99965
18.71 3.99975
18.72 3.99984
18.73 3.99994
18.74 4.00004
18.75 4.00014
18.76 4.00025
18.77 4.00035
18.78 4.00046
18.79 4.00057
18.8 4.00069
18.81 4.0008
18.82 4.00092
18.83 4.00104
18.84 4.00117
18.85 4.00129
18.86 4.00142
18.87 4.00155
18.88 4.00169
18.89 4.00182
18.9 4.00196
18.91 4.0021
18.92 4.00225
18.93 4.00239
18.94 4.00254
18.95 4.00269
18.96 4.00285
18.97 4.003
18.98 4.00316
18.99 4.00333
19 4.00349
19.01 4.00366
19.02 4.00383
19.03 4.004
19.04 4.00418
19.05 4.00436
19.06 4.00454
19.07 4.00472
19.08 4.00491
19.09 4.0051
19.1 4.0053
19.11 4.00549
19.12 4.00569
19.13 4.00589
19.14 4.0061
19.15 4.00631
19.16 4.00652
19.17 4.00673
19.18 4.00695
19.19 4.00717
19.2 4.00739
19.21 4.00762
19.22 4.00784
19.23 4.00808
19.24 4.00831
19.25 4.00855
19.26 4.00879
19.27 4.00904
19.28 4.00928
19.29 4.00954
19.3 4.00979
19.31 4.01005
19.32 4.01031
19.33 4.01057
19.34 4.01084
19.35 4.01111
19.36 4.01138
19.37 4.01166
19.38 4.01194
19.39 4.01223
19.4 4.01251
19.41 4.0128
19.42 4.0131
19.43 4.01339
19.44 4.0137
19.45 4.014
19.46 4.01431
19.47 4.01462
19.48 4.01493
19.49 4.01525
19.5 4.01557
19.51 4.0159
19.52 4.01623
19.53 4.01656
19.54 4.01689
19.55 4.01723
19.56 4.01758
19.57 4.01792
19.58 4.01827
19.59 4.01863
19.6 4.01899
19.61 4.01935
19.62 4.01971
19.63 4.02008
19.64 4.02045
19.65 4.02083
19.66 4.02121
19.67 4.02159
19.68 4.02198
19.69 4.02237
19.7 4.02277
19.71 4.02317
19.72 4.02357
19.73 4.02398
19.74 4.02439
19.75 4.0248
19.76 4.02522
19.77 4.02564
19.78 4.02607
19.79 4.0265
19.8 4.02693
19.81 4.02737
19.82 4.02781
19.83 4.02826
19.84 4.02871
19.85 4.02916
19.86 4.02962
19.87 4.03008
19.88 4.03055
19.89 4.03102
19.9 4.0315
19.91 4.03197
19.92 4.03246
19.93 4.03294
19.94 4.03343
19.95 4.03393
19.96 4.03443
19.97 4.03493
19.98 4.03544
19.99 4.03595
20 4.03647
20.01 4.03699
20.02 4.03752
20.03 4.03804
20.04 4.03858
20.05 4.03912
20.06 4.03966
20.07 4.0402
20.08 4.04076
20.09 4.04131
20.1 4.04187
20.11 4.04243
20.12 4.043
20.13 4.04358
20.14 4.04415
20.15 4.04474
20.16 4.04532
20.17 4.04591
20.18 4.04651
20.19 4.04711
20.2 4.04771
20.21 4.04832
20.22 4.04893
20.23 4.04955
20.24 4.05017
20.25 4.0508
20.26 4.05143
20.27 4.05207
20.28 4.05271
20.29 4.05336
20.3 4.05401
20.31 4.05466
20.32 4.05532
20.33 4.05598
20.34 4.05665
20.35 4.05733
20.36 4.058
20.37 4.05869
20.38 4.05938
20.39 4.06007
20.4 4.06077
20.41 4.06147
20.42 4.06217
20.43 4.06289
20.44 4.0636
20.45 4.06432
20.46 4.06505
20.47 4.06578
20.48 4.06652
20.49 4.06726
20.5 4.068
20.51 4.06875
20.52 4.06951
20.53 4.07027
20.54 4.07104
20.55 4.07181
20.56 4.07258
20.57 4.07336
20.58 4.07415
20.59 4.07494
20.6 4.07573
20.61 4.07653
20.62 4.07734
20.63 4.07815
20.64 4.07897
20.65 4.07979
20.66 4.08061
20.67 4.08144
20.68 4.08228
20.69 4.08312
20.7 4.08397
20.71 4.08482
20.72 4.08567
20.73 4.08654
20.74 4.0874
20.75 4.08827
20.76 4.08915
20.77 4.09003
20.78 4.09092
20.79 4.09181
20.8 4.09271
20.81 4.09362
20.82 4.09452
20.83 4.09544
20.84 4.09636
20.85 4.09728
20.86 4.09821
20.87 4.09915
20.88 4.10009
20.89 4.10103
20.9 4.10198
20.91 4.10294
20.92 4.1039
20.93 4.10487
20.94 4.10584
20.95 4.10682
20.96 4.1078
20.97 4.10879
20.98 4.10979
20.99 4.11079
21 4.11179
21.01 4.1128
21.02 4.11382
21.03 4.11484
21.04 4.11587
21.05 4.1169
21.06 4.11794
21.07 4.11898
21.08 4.12003
21.09 4.12108
21.1 4.12214
21.11 4.12321
21.12 4.12428
21.13 4.12536
21.14 4.12644
21.15 4.12753
21.16 4.12862
21.17 4.12972
21.18 4.13083
21.19 4.13194
21.2 4.13305
21.21 4.13417
21.22 4.1353
21.23 4.13643
21.24 4.13757
21.25 4.13872
21.26 4.13987
21.27 4.14102
21.28 4.14219
21.29 4.14335
21.3 4.14453
21.31 4.1457
21.32 4.14689
21.33 4.14808
21.34 4.14927
21.35 4.15048
21.36 4.15168
21.37 4.1529
21.38 4.15412
21.39 4.15534
21.4 4.15657
21.41 4.15781
21.42 4.15905
21.43 4.1603
21.44 4.16155
21.45 4.16281
21.46 4.16408
21.47 4.16535
21.48 4.16663
21.49 4.16791
21.5 4.1692
21.51 4.17049
21.52 4.1718
21.53 4.1731
21.54 4.17442
21.55 4.17573
21.56 4.17706
21.57 4.17839
21.58 4.17973
21.59 4.18107
21.6 4.18242
21.61 4.18377
21.62 4.18513
21.63 4.1865
21.64 4.18787
21.65 4.18925
21.66 4.19063
21.67 4.19202
21.68 4.19342
21.69 4.19482
21.7 4.19623
21.71 4.19764
21.72 4.19906
21.73 4.20049
21.74 4.20192
21.75 4.20336
21.76 4.20481
21.77 4.20626
21.78 4.20771
21.79 4.20918
21.8 4.21065
21.81 4.21212
21.82 4.2136
21.83 4.21509
21.84 4.21658
21.85 4.21808
21.86 4.21959
21.87 4.2211
21.88 4.22262
21.89 4.22414
21.9 4.22567
21.91 4.22721
21.92 4.22875
21.93 4.2303
21.94 4.23185
21.95 4.23342
21.96 4.23498
21.97 4.23656
21.98 4.23813
21.99 4.23972
22 4.24131
22.01 4.24291
22.02 4.24451
22.03 4.24613
22.04 4.24774
22.05 4.24936
22.06 4.25099
22.07 4.25263
22.08 4.25427
22.09 4.25592
22.1 4.25757
22.11 4.25923
22.12 4.2609
22.13 4.26257
22.14 4.26425
22.15 4.26594
22.16 4.26763
22.17 4.26933
22.18 4.27103
22.19 4.27274
22.2 4.27446
22.21 4.27618
22.22 4.27791
22.23 4.27964
22.24 4.28139
22.25 4.28313
22.26 4.28489
22.27 4.28665
22.28 4.28842
22.29 4.29019
22.3 4.29197
22.31 4.29376
22.32 4.29555
22.33 4.29735
22.34 4.29915
22.35 4.30096
22.36 4.30278
22.37 4.3046
22.38 4.30643
22.39 4.30827
22.4 4.31011
22.41 4.31196
22.42 4.31382
22.43 4.31568
22.44 4.31755
22.45 4.31942
22.46 4.32131
22.47 4.32319
22.48 4.32509
22.49 4.32699
22.5 4.32889
22.51 4.33081
22.52 4.33273
22.53 4.33465
22.54 4.33658
22.55 4.33852
22.56 4.34047
22.57 4.34242
22.58 4.34437
22.59 4.34634
22.6 4.34831
22.61 4.35028
22.62 4.35227
22.63 4.35426
22.64 4.35625
22.65 4.35826
22.66 4.36026
22.67 4.36228
22.68 4.3643
22.69 4.36633
22.7 4.36836
22.71 4.3704
22.72 4.37245
22.73 4.3745
22.74 4.37656
22.75 4.37863
22.76 4.3807
22.77 4.38278
22.78 4.38486
22.79 4.38696
22.8 4.38905
22.81 4.39116
22.82 4.39327
22.83 4.39539
22.84 4.39751
22.85 4.39964
22.86 4.40178
22.87 4.40392
22.88 4.40607
22.89 4.40822
22.9 4.41039
22.91 4.41255
22.92 4.41473
22.93 4.41691
22.94 4.4191
22.95 4.42129
22.96 4.42349
22.97 4.4257
22.98 4.42791
22.99 4.43013
23 4.43236
23.01 4.43459
23.02 4.43683
23.03 4.43907
23.04 4.44132
23.05 4.44358
23.06 4.44585
23.07 4.44812
23.08 4.45039
23.09 4.45268
23.1 4.45497
23.11 4.45726
23.12 4.45956
23.13 4.46187
23.14 4.46419
23.15 4.46651
23.16 4.46884
23.17 4.47117
23.18 4.47351
23.19 4.47586
23.2 4.47821
23.21 4.48057
23.22 4.48294
23.23 4.48531
23.24 4.48769
23.25 4.49007
23.26 4.49246
23.27 4.49486
23.28 4.49727
23.29 4.49968
23.3 4.50209
23.31 4.50452
23.32 4.50695
23.33 4.50938
23.34 4.51182
23.35 4.51427
23.36 4.51673
23.37 4.51919
23.38 4.52165
23.39 4.52413
23.4 4.52661
23.41 4.52909
23.42 4.53158
23.43 4.53408
23.44 4.53659
23.45 4.5391
23.46 4.54162
23.47 4.54414
23.48 4.54667
23.49 4.5492
23.5 4.55175
23.51 4.5543
23.52 4.55685
23.53 4.55941
23.54 4.56198
23.55 4.56455
23.56 4.56713
23.57 4.56972
23.58 4.57231
23.59 4.57491
23.6 4.57751
23.61 4.58012
23.62 4.58274
23.63 4.58536
23.64 4.58799
23.65 4.59063
23.66 4.59327
23.67 4.59592
23.68 4.59857
23.69 4.60123
23.7 4.6039
23.71 4.60657
23.72 4.60925
23.73 4.61193
23.74 4.61463
23.75 4.61732
23.76 4.62003
23.77 4.62273
23.78 4.62545
23.79 4.62817
23.8 4.6309
23.81 4.63363
23.82 4.63637
23.83 4.63912
23.84 4.64187
23.85 4.64463
23.86 4.64739
23.87 4.65016
23.88 4.65294
23.89 4.65572
23.9 4.65851
23.91 4.6613
23.92 4.6641
23.93 4.66691
23.94 4.66972
23.95 4.67254
23.96 4.67536
23.97 4.67819
23.98 4.68103
23.99 4.68387
24 4.68672
24.01 4.68957
24.02 4.69243
24.03 4.6953
24.04 4.69817
24.05 4.70105
24.06 4.70393
24.07 4.70682
24.08 4.70971
24.09 4.71262
24.1 4.71552
24.11 4.71844
24.12 4.72135
24.13 4.72428
24.14 4.72721
24.15 4.73015
24.16 4.73309
24.17 4.73604
24.18 4.73899
24.19 4.74195
24.2 4.74492
24.21 4.74789
24.22 4.75086
24.23 4.75385
24.24 4.75683
24.25 4.75983
24.26 4.76283
24.27 4.76583
24.28 4.76885
24.29 4.77186
24.3 4.77488
24.31 4.77791
24.32 4.78095
24.33 4.78399
24.34 4.78703
24.35 4.79008
24.36 4.79314
24.37 4.7962
24.38 4.79927
24.39 4.80234
24.4 4.80542
24.41 4.80851
24.42 4.8116
24.43 4.81469
24.44 4.8178
24.45 4.8209
24.46 4.82402
24.47 4.82713
24.48 4.83026
24.49 4.83339
24.5 4.83652
24.51 4.83966
24.52 4.84281
24.53 4.84596
24.54 4.84911
24.55 4.85228
24.56 4.85544
24.57 4.85862
24.58 4.86179
24.59 4.86498
24.6 4.86817
24.61 4.87136
24.62 4.87456
24.63 4.87777
24.64 4.88098
24.65 4.88419
24.66 4.88741
24.67 4.89064
24.68 4.89387
24.69 4.89711
24.7 4.90035
24.71 4.9036
24.72 4.90685
24.73 4.91011
24.74 4.91337
24.75 4.91664
24.76 4.91991
24.77 4.92319
24.78 4.92648
24.79 4.92976
24.8 4.93306
24.81 4.93636
24.82 4.93966
24.83 4.94297
24.84 4.94629
24.85 4.94961
24.86 4.95293
24.87 4.95626
24.88 4.95959
24.89 4.96293
24.9 4.96628
24.91 4.96963
24.92 4.97298
24.93 4.97634
24.94 4.97971
24.95 4.98308
24.96 4.98645
24.97 4.98983
24.98 4.99322
24.99 4.99661
25 5
25.01 5.0034
25.02 5.0068
25.03 5.01021
25.04 5.01363
25.05 5.01704
25.06 5.02047
25.07 5.02389
25.08 5.02733
25.09 5.03076
25.1 5.03421
25.11 5.03765
25.12 5.0411
25.13 5.04456
25.14 5.04802
25.15 5.05149
25.16 5.05496
25.17 5.05843
25.18 5.06191
25.19 5.0654
25.2 5.06888
25.21 5.07238
25.22 5.07587
25.23 5.07938
25.24 5.08288
25.25 5.08639
25.26 5.08991
25.27 5.09343
25.28 5.09695
25.29 5.10048
25.3 5.10402
25.31 5.10756
25.32 5.1111
25.33 5.11464
25.34 5.1182
25.35 5.12175
25.36 5.12531
25.37 5.12887
25.38 5.13244
25.39 5.13601
25.4 5.13959
25.41 5.14317
25.42 5.14676
25.43 5.15035
25.44 5.15394
25.45 5.15754
25.46 5.16114
25.47 5.16475
25.48 5.16836
25.49 5.17197
25.5 5.17559
25.51 5.17921
25.52 5.18284
25.53 5.18647
25.54 5.1901
25.55 5.19374
25.56 5.19738
25.57 5.20103
25.58 5.20468
25.59 5.20834
25.6 5.21199
25.61 5.21566
25.62 5.21932
25.63 5.22299
25.64 5.22667
25.65 5.23034
25.66 5.23403
25.67 5.23771
25.68 5.2414
25.69 5.24509
25.7 5.24879
25.71 5.25249
25.72 5.25619
25.73 5.2599
25.74 5.26361
25.75 5.26733
25.76 5.27105
25.77 5.27477
25.78 5.27849
25.79 5.28222
25.8 5.28595
25.81 5.28969
25.82 5.29343
25.83 5.29717
25.84 5.30092
25.85 5.30467
25.86 5.30842
25.87 5.31218
25.88 5.31594
25.89 5.31971
25.9 5.32347
25.91 5.32724
25.92 5.33102
25.93 5.33479
25.94 5.33857
25.95 5.34236
25.96 5.34614
25.97 5.34993
25.98 5.35373
25.99 5.35752
26 5.36132
26.01 5.36513
26.02 5.36893
26.03 5.37274
26.04 5.37655
26.05 5.38037
26.06 5.38418
26.07 5.38801
26.08 5.39183
26.09 5.39566
26.1 5.39949
26.11 5.40332
26.12 5.40715
26.13 5.41099
26.14 5.41483
26.15 5.41868
26.16 5.42253
26.17 5.42638
26.18 5.43023
26.19 5.43408
26.2 5.43794
26.21 5.4418
26.22 5.44567
26.23 5.44953
26.24 5.4534
26.25 5.45727
26.26 5.46115
26.27 5.46502
26.28 5.4689
26.29 5.47278
26.3 5.47667
26.31 5.48055
26.32 5.48444
26.33 5.48834
26.34 5.49223
26.35 5.49613
26.36 5.50002
26.37 5.50393
26.38 5.50783
26.39 5.51174
26.4 5.51564
26.41 5.51955
26.42 5.52347
26.43 5.52738
26.44 5.5313
26.45 5.53522
26.46 5.53914
26.47 5.54306
26.48 5.54699
26.49 5.55092
26.5 5.55484
26.51 5.55878
26.52 5.56271
26.53 5.56665
26.54 5.57058
26.55 5.57452
26.56 5.57847
26.57 5.58241
26.58 5.58635
26.59 5.5903
26.6 5.59425
26.61 5.5982
26.62 5.60215
26.63 5.60611
26.64 5.61006
26.65 5.61402
26.66 5.61798
26.67 5.62194
26.68 5.62591
26.69 5.62987
26.7 5.63384
26.71 5.6378
26.72 5.64177
26.73 5.64574
26.74 5.64972
26.75 5.65369
26.76 5.65766
26.77 5.66164
26.78 5.66562
26.79 5.6696
26.8 5.67358
26.81 5.67756
26.82 5.68154
26.83 5.68553
26.84 5.68951
26.85 5.6935
26.86 5.69749
26.87 5.70148
26.88 5.70547
26.89 5.70946
26.9 5.71345
26.91 5.71744
26.92 5.72144
26.93 5.72543
26.94 5.72943
26.95 5.73343
26.96 5.73743
26.97 5.74143
26.98 5.74543
26.99 5.74943
27 5.75343
27.01 5.75743
27.02 5.76144
27.03 5.76544
27.04 5.76945
27.05 5.77345
27.06 5.77746
27.07 5.78147
27.08 5.78547
27.09 5.78948
27.1 5.79349
27.11 5.7975
27.12 5.80151
27.13 5.80552
27.14 5.80953
27.15 5.81354
27.16 5.81755
27.17 5.82157
27.18 5.82558
27.19 5.82959
27.2 5.8336
27.21 5.83762
27.22 5.84163
27.23 5.84565
27.24 5.84966
27.25 5.85367
27.26 5.85769
27.27 5.8617
27.28 5.86572
27.29 5.86973
27.3 5.87375
27.31 5.87776
27.32 5.88178
27.33 5.88579
27.34 5.88981
27.35 5.89382
27.36 5.89784
27.37 5.90185
27.38 5.90586
27.39 5.90988
27.4 5.91389
27.41 5.91791
27.42 5.92192
27.43 5.92593
27.44 5.92994
27.45 5.93396
27.46 5.93797
27.47 5.94198
27.48 5.94599
27.49 5.95
27.5 5.95401
27.51 5.95802
27.52 5.96203
27.53 5.96604
27.54 5.97004
27.55 5.97405
27.56 5.97806
27.57 5.98206
27.58 5.98607
27.59 5.99007
27.6 5.99407
27.61 5.99807
27.62 6.00208
27.63 6.00608
27.64 6.01008
27.65 6.01407
27.66 6.01807
27.67 6.02207
27.68 6.02606
27.69 6.03006
27.7 6.03405
27.71 6.03804
27.72 6.04204
27.73 6.04603
27.74 6.05001
27.75 6.054
27.76 6.05799
27.77 6.06197
27.78 6.06596
27.79 6.06994
27.8 6.07392
27.81 6.0779
27.82 6.08188
27.83 6.08585
27.84 6.08983
27.85 6.0938
27.86 6.09777
27.87 6.10175
27.88 6.10571
27.89 6.10968
27.9 6.11365
27.91 6.11761
27.92 6.12157
27.93 6.12553
27.94 6.12949
27.95 6.13345
27.96 6.1374
27.97 6.14136
27.98 6.14531
27.99 6.14926
28 6.1532
28.01 6.15715
28.02 6.16109
28.03 6.16503
28.04 6.16897
28.05 6.17291
28.06 6.17684
28.07 6.18077
28.08 6.1847
28.09 6.18863
28.1 6.19256
28.11 6.19648
28.12 6.2004
28.13 6.20432
28.14 6.20824
28.15 6.21215
28.16 6.21606
28.17 6.21997
28.18 6.22388
28.19 6.22778
28.2 6.23168
28.21 6.23558
28.22 6.23948
28.23 6.24337
28.24 6.24726
28.25 6.25115
28.26 6.25503
28.27 6.25892
28.28 6.26279
28.29 6.26667
28.3 6.27054
28.31 6.27441
28.32 6.27828
28.33 6.28215
28.34 6.28601
28.35 6.28987
28.36 6.29372
28.37 6.29758
28.38 6.30142
28.39 6.30527
28.4 6.30911
28.41 6.31295
28.42 6.31679
28.43 6.32062
28.44 6.32445
28.45 6.32828
28.46 6.3321
28.47 6.33592
28.48 6.33974
28.49 6.34355
28.5 6.34736
28.51 6.35116
28.52 6.35497
28.53 6.35876
28.54 6.36256
28.55 6.36635
28.56 6.37014
28.57 6.37392
28.58 6.3777
28.59 6.38147
28.6 6.38525
28.61 6.38901
28.62 6.39278
28.63 6.39654
28.64 6.40029
28.65 6.40405
28.66 6.4078
28.67 6.41154
28.68 6.41528
28.69 6.41902
28.7 6.42275
28.71 6.42647
28.72 6.4302
28.73 6.43392
28.74 6.43763
28.75 6.44134
28.76 6.44505
28.77 6.44875
28.78 6.45245
28.79 6.45614
28.8 6.45983
28.81 6.46351
28.82 6.46719
28.83 6.47086
28.84 6.47453
28.85 6.4782
28.86 6.48186
28.87 6.48551
28.88 6.48917
28.89 6.49281
28.9 6.49645
28.91 6.50009
28.92 6.50372
28.93 6.50735
28.94 6.51097
28.95 6.51459
28.96 6.5182
28.97 6.52181
28.98 6.52541
28.99 6.529
29 6.53259
29.01 6.53618
29.02 6.53976
29.03 6.54334
29.04 6.54691
29.05 6.55047
29.06 6.55403
29.07 6.55759
29.08 6.56114
29.09 6.56468
29.1 6.56822
29.11 6.57175
29.12 6.57528
29.13 6.5788
29.14 6.58231
29.15 6.58582
29.16 6.58933
29.17 6.59283
29.18 6.59632
29.19 6.59981
29.2 6.60329
29.21 6.60676
29.22 6.61023
29.23 6.6137
29.24 6.61715
29.25 6.62061
29.26 6.62405
29.27 6.62749
29.28 6.63092
29.29 6.63435
29.3 6.63777
29.31 6.64119
29.32 6.6446
29.33 6.648
29.34 6.6514
29.35 6.65479
29.36 6.65817
29.37 6.66155
29.38 6.66492
29.39 6.66828
29.4 6.67164
29.41 6.67499
29.42 6.67834
29.43 6.68167
29.44 6.68501
29.45 6.68833
29.46 6.69165
29.47 6.69496
29.48 6.69827
29.49 6.70156
29.5 6.70485
29.51 6.70814
29.52 6.71142
29.53 6.71469
29.54 6.71795
29.55 6.72121
29.56 6.72446
29.57 6.7277
29.58 6.73093
29.59 6.73416
29.6 6.73738
29.61 6.7406
29.62 6.7438
29.63 6.747
29.64 6.75019
29.65 6.75338
29.66 6.75656
29.67 6.75973
29.68 6.76289
29.69 6.76604
29.7 6.76919
29.71 6.77233
29.72 6.77546
29.73 6.77859
29.74 6.78171
29.75 6.78482
29.76 6.78792
29.77 6.79101
29.78 6.7941
29.79 6.79718
29.8 6.80025
29.81 6.80331
29.82 6.80636
29.83 6.80941
29.84 6.81245
29.85 6.81548
29.86 6.8185
29.87 6.82152
29.88 6.82452
29.89 6.82752
29.9 6.83051
29.91 6.8335
29.92 6.83647
29.93 6.83943
29.94 6.84239
29.95 6.84534
29.96 6.84828
29.97 6.85121
29.98 6.85414
29.99 6.85705
30 6.85996
30.01 6.86286
30.02 6.86575
30.03 6.86863
30.04 6.8715
30.05 6.87436
30.06 6.87722
30.07 6.88006
30.08 6.8829
30.09 6.88573
30.1 6.88855
30.11 6.89136
30.12 6.89416
30.13 6.89695
30.14 6.89974
30.15 6.90251
30.16 6.90528
30.17 6.90803
30.18 6.91078
30.19 6.91352
30.2 6.91625
30.21 6.91897
30.22 6.92168
30.23 6.92438
30.24 6.92707
30.25 6.92975
30.26 6.93243
30.27 6.93509
30.28 6.93775
30.29 6.94039
30.3 6.94302
30.31 6.94565
30.32 6.94827
30.33 6.95087
30.34 6.95347
30.35 6.95606
30.36 6.95863
30.37 6.9612
30.38 6.96376
30.39 6.96631
30.4 6.96884
30.41 6.97137
30.42 6.97389
30.43 6.9764
30.44 6.9789
30.45 6.98138
30.46 6.98386
30.47 6.98633
30.48 6.98879
30.49 6.99123
30.5 6.99367
30.51 6.9961
30.52 6.99851
30.53 7.00092
30.54 7.00332
30.55 7.0057
30.56 7.00808
30.57 7.01044
30.58 7.0128
30.59 7.01514
30.6 7.01747
30.61 7.0198
30.62 7.02211
30.63 7.02441
30.64 7.0267
30.65 7.02898
30.66 7.03125
30.67 7.03351
30.68 7.03575
30.69 7.03799
30.7 7.04022
30.71 7.04243
30.72 7.04463
30.73 7.04683
30.74 7.04901
30.75 7.05118
30.76 7.05334
30.77 7.05549
30.78 7.05763
30.79 7.05975
30.8 7.06187
30.81 7.06397
30.82 7.06606
30.83 7.06814
30.84 7.07021
30.85 7.07227
30.86 7.07432
30.87 7.07635
30.88 7.07838
30.89 7.08039
30.9 7.08239
30.91 7.08438
30.92 7.08636
30.93 7.08833
30.94 7.09028
30.95 7.09222
30.96 7.09415
30.97 7.09607
30.98 7.09798
30.99 7.09988
31 7.10176
31.01 7.10363
31.02 7.10549
31.03 7.10734
31.04 7.10917
31.05 7.111
31.06 7.11281
31.07 7.11461
31.08 7.1164
31.09 7.11817
31.1 7.11993
31.11 7.12168
31.12 7.12342
31.13 7.12515
31.14 7.12686
31.15 7.12856
31.16 7.13025
31.17 7.13193
31.18 7.13359
31.19 7.13525
31.2 7.13688
31.21 7.13851
31.22 7.14013
31.23 7.14173
31.24 7.14332
31.25 7.14489
31.26 7.14645
31.27 7.148
31.28 7.14954
31.29 7.15107
31.3 7.15258
31.31 7.15408
31.32 7.15556
31.33 7.15704
31.34 7.1585
31.35 7.15995
31.36 7.16138
31.37 7.1628
31.38 7.16421
31.39 7.1656
31.4 7.16699
31.41 7.16835
31.42 7.16971
31.43 7.17105
31.44 7.17238
31.45 7.1737
31.46 7.175
31.47 7.17629
31.48 7.17756
31.49 7.17882
31.5 7.18007
31.51 7.18131
31.52 7.18253
31.53 7.18373
31.54 7.18493
31.55 7.18611
31.56 7.18728
31.57 7.18843
31.58 7.18957
31.59 7.19069
31.6 7.1918
31.61 7.1929
31.62 7.19399
31.63 7.19506
31.64 7.19611
31.65 7.19716
31.66 7.19818
31.67 7.1992
31.68 7.2002
31.69 7.20118
31.7 7.20216
31.71 7.20311
31.72 7.20406
31.73 7.20499
31.74 7.2059
31.75 7.2068
31.76 7.20769
31.77 7.20856
31.78 7.20942
31.79 7.21026
31.8 7.21109
31.81 7.21191
31.82 7.21271
31.83 7.21349
31.84 7.21427
31.85 7.21502
31.86 7.21576
31.87 7.21649
31.88 7.21721
31.89 7.2179
31.9 7.21859
31.91 7.21926
31.92 7.21991
31.93 7.22055
31.94 7.22117
31.95 7.22178
31.96 7.22238
31.97 7.22296
31.98 7.22352
31.99 7.22407
32 7.22461
32.01 7.22513
32.02 7.22563
32.03 7.22612
32.04 7.2266
32.05 7.22706
32.06 7.2275
32.07 7.22793
32.08 7.22834
32.09 7.22874
32.1 7.22913
32.11 7.22949
32.12 7.22985
32.13 7.23018
32.14 7.23051
32.15 7.23081
32.16 7.2311
32.17 7.23138
32.18 7.23164
32.19 7.23188
32.2 7.23211
32.21 7.23233
32.22 7.23252
32.23 7.23271
32.24 7.23287
32.25 7.23302
32.26 7.23316
32.27 7.23328
32.28 7.23338
32.29 7.23347
32.3 7.23354
32.31 7.23359
32.32 7.23363
32.33 7.23366
32.34 7.23367
32.35 7.23366
32.36 7.23363
32.37 7.23359
32.38 7.23354
32.39 7.23347
32.4 7.23338
32.41 7.23327
32.42 7.23315
32.43 7.23302
32.44 7.23286
32.45 7.23269
32.46 7.23251
32.47 7.23231
32.48 7.23209
32.49 7.23185
32.5 7.2316
32.51 7.23134
32.52 7.23105
32.53 7.23075
32.54 7.23043
32.55 7.2301
32.56 7.22975
32.57 7.22939
32.58 7.229
32.59 7.2286
32.6 7.22819
32.61 7.22775
32.62 7.2273
32.63 7.22684
32.64 7.22635
32.65 7.22585
32.66 7.22534
32.67 7.2248
32.68 7.22425
32.69 7.22369
32.7 7.2231
32.71 7.2225
32.72 7.22188
32.73 7.22125
32.74 7.2206
32.75 7.21993
32.76 7.21924
32.77 7.21854
32.78 7.21782
32.79 7.21708
32.8 7.21633
32.81 7.21556
32.82 7.21477
32.83 7.21396
32.84 7.21314
32.85 7.2123
32.86 7.21144
32.87 7.21056
32.88 7.20967
32.89 7.20876
32.9 7.20783
32.91 7.20689
32.92 7.20593
32.93 7.20495
32.94 7.20395
32.95 7.20294
32.96 7.2019
32.97 7.20086
32.98 7.19979
32.99 7.1987
33 7.1976
33.01 7.19648
33.02 7.19534
33.03 7.19419
33.04 7.19302
33.05 7.19182
33.06 7.19062
33.07 7.18939
33.08 7.18815
33.09 7.18688
33.1 7.1856
33.11 7.18431
33.12 7.18299
33.13 7.18166
33.14 7.18031
33.15 7.17894
33.16 7.17755
33.17 7.17615
33.18 7.17472
33.19 7.17328
33.2 7.17182
33.21 7.17034
33.22 7.16885
33.23 7.16734
33.24 7.1658
33.25 7.16425
33.26 7.16269
33.27 7.1611
33.28 7.15949
33.29 7.15787
33.3 7.15623
33.31 7.15457
33.32 7.15289
33.33 7.1512
33.34 7.14948
33.35 7.14775
33.36 7.146
33.37 7.14423
33.38 7.14244
33.39 7.14064
33.4 7.13881
33.41 7.13697
33.42 7.13511
33.43 7.13323
33.44 7.13133
33.45 7.12941
33.46 7.12748
33.47 7.12552
33.48 7.12355
33.49 7.12156
33.5 7.11955
33.51 7.11752
33.52 7.11547
33.53 7.1134
33.54 7.11132
33.55 7.10921
33.56 7.10709
33.57 7.10495
33.58 7.10279
33.59 7.10061
33.6 7.09841
33.61 7.0962
33.62 7.09396
33.63 7.09171
33.64 7.08943
33.65 7.08714
33.66 7.08483
33.67 7.0825
33.68 7.08015
33.69 7.07778
33.7 7.07539
33.71 7.07299
33.72 7.07056
33.73 7.06812
33.74 7.06565
33.75 7.06317
33.76 7.06067
33.77 7.05815
33.78 7.05561
33.79 7.05305
33.8 7.05047
33.81 7.04788
33.82 7.04526
33.83 7.04262
33.84 7.03997
33.85 7.03729
33.86 7.0346
33.87 7.03189
33.88 7.02916
33.89 7.0264
33.9 7.02363
33.91 7.02084
33.92 7.01803
33.93 7.01521
33.94 7.01236
33.95 7.00949
33.96 7.0066
33.97 7.0037
33.98 7.00077
33.99 6.99783
34 6.99486
34.01 6.99188
34.02 6.98887
34.03 6.98585
34.04 6.98281
34.05 6.97975
34.06 6.97666
34.07 6.97356
34.08 6.97044
34.09 6.9673
34.1 6.96414
34.11 6.96096
34.12 6.95776
34.13 6.95454
34.14 6.9513
34.15 6.94805
34.16 6.94477
34.17 6.94147
34.18 6.93815
34.19 6.93482
34.2 6.93146
34.21 6.92808
34.22 6.92469
34.23 6.92127
34.24 6.91784
34.25 6.91438
34.26 6.91091
34.27 6.90741
34.28 6.9039
34.29 6.90036
34.3 6.89681
34.31 6.89323
34.32 6.88964
34.33 6.88602
34.34 6.88239
34.35 6.87874
34.36 6.87506
34.37 6.87137
34.38 6.86766
34.39 6.86392
34.4 6.86017
34.41 6.8564
34.42 6.8526
34.43 6.84879
34.44 6.84496
34.45 6.8411
34.46 6.83723
34.47 6.83334
34.48 6.82943
34.49 6.82549
34.5 6.82154
34.51 6.81757
34.52 6.81357
34.53 6.80956
34.54 6.80553
34.55 6.80147
34.56 6.7974
34.57 6.79331
34.58 6.78919
34.59 6.78506
34.6 6.78091
34.61 6.77673
34.62 6.77254
34.63 6.76833
34.64 6.76409
34.65 6.75984
34.66 6.75556
34.67 6.75127
34.68 6.74696
34.69 6.74262
34.7 6.73827
34.71 6.73389
34.72 6.7295
34.73 6.72508
34.74 6.72065
34.75 6.71619
34.76 6.71171
34.77 6.70722
34.78 6.7027
34.79 6.69817
34.8 6.69361
34.81 6.68903
34.82 6.68443
34.83 6.67982
34.84 6.67518
34.85 6.67052
34.86 6.66584
34.87 6.66115
34.88 6.65643
34.89 6.65169
34.9 6.64693
34.91 6.64215
34.92 6.63735
34.93 6.63253
34.94 6.62769
34.95 6.62283
34.96 6.61795
34.97 6.61305
34.98 6.60813
34.99 6.60319
35 6.59823
35.01 6.59325
35.02 6.58824
35.03 6.58322
35.04 6.57818
35.05 6.57312
35.06 6.56803
35.07 6.56293
35.08 6.55781
35.09 6.55266
35.1 6.5475
35.11 6.54231
35.12 6.53711
35.13 6.53188
35.14 6.52664
35.15 6.52137
35.16 6.51609
35.17 6.51078
35.18 6.50546
35.19 6.50011
35.2 6.49474
35.21 6.48935
35.22 6.48395
35.23 6.47852
35.24 6.47307
35.25 6.4676
35.26 6.46211
35.27 6.45661
35.28 6.45108
35.29 6.44553
35.3 6.43996
35.31 6.43437
35.32 6.42876
35.33 6.42313
35.34 6.41748
35.35 6.4118
35.36 6.40611
35.37 6.4004
35.38 6.39467
35.39 6.38892
35.4 6.38315
35.41 6.37735
35.42 6.37154
35.43 6.36571
35.44 6.35986
35.45 6.35398
35.46 6.34809
35.47 6.34217
35.48 6.33624
35.49 6.33029
35.5 6.32431
35.51 6.31832
35.52 6.3123
35.53 6.30627
35.54 6.30021
35.55 6.29414
35.56 6.28804
35.57 6.28193
35.58 6.27579
35.59 6.26964
35.6 6.26346
35.61 6.25726
35.62 6.25105
35.63 6.24481
35.64 6.23855
35.65 6.23228
35.66 6.22598
35.67 6.21966
35.68 6.21333
35.69 6.20697
35.7 6.20059
35.71 6.1942
35.72 6.18778
35.73 6.18134
35.74 6.17489
35.75 6.16841
35.76 6.16191
35.77 6.15539
35.78 6.14886
35.79 6.1423
35.8 6.13572
35.81 6.12913
35.82 6.12251
35.83 6.11587
35.84 6.10921
35.85 6.10254
35.86 6.09584
35.87 6.08912
35.88 6.08239
35.89 6.07563
35.9 6.06885
35.91 6.06206
35.92 6.05524
35.93 6.04841
35.94 6.04155
35.95 6.03467
35.96 6.02778
35.97 6.02086
35.98 6.01393
35.99 6.00697
36 6
36.01 5.99301
36.02 5.98599
36.03 5.97896
36.04 5.9719
36.05 5.96483
36.06 5.95774
36.07 5.95063
36.08 5.94349
36.09 5.93634
36.1 5.92917
36.11 5.92198
36.12 5.91477
36.13 5.90754
36.14 5.90029
36.15 5.89302
36.16 5.88573
36.17 5.87842
36.18 5.8711
36.19 5.86375
36.2 5.85638
36.21 5.84899
36.22 5.84159
36.23 5.83416
36.24 5.82672
36.25 5.81926
36.26 5.81177
36.27 5.80427
36.28 5.79675
36.29 5.78921
36.3 5.78165
36.31 5.77407
36.32 5.76647
36.33 5.75885
36.34 5.75121
36.35 5.74355
36.36 5.73588
36.37 5.72818
36.38 5.72047
36.39 5.71273
36.4 5.70498
36.41 5.69721
36.42 5.68942
36.43 5.68161
36.44 5.67378
36.45 5.66593
36.46 5.65806
36.47 5.65018
36.48 5.64227
36.49 5.63435
36.5 5.6264
36.51 5.61844
36.52 5.61046
36.53 5.60246
36.54 5.59444
36.55 5.5864
36.56 5.57835
36.57 5.57027
36.58 5.56218
36.59 5.55407
36.6 5.54594
36.61 5.53779
36.62 5.52962
36.63 5.52143
36.64 5.51322
36.65 5.505
36.66 5.49676
36.67 5.4885
36.68 5.48022
36.69 5.47192
36.7 5.4636
36.71 5.45526
36.72 5.44691
36.73 5.43854
36.74 5.43015
36.75 5.42174
36.76 5.41331
36.77 5.40486
36.78 5.3964
36.79 5.38792
36.8 5.37942
36.81 5.3709
36.82 5.36236
36.83 5.35381
36.84 5.34523
36.85 5.33664
36.86 5.32803
36.87 5.3194
36.88 5.31076
36.89 5.30209
36.9 5.29341
36.91 5.28471
36.92 5.276
36.93 5.26726
36.94 5.25851
36.95 5.24974
36.96 5.24095
36.97 5.23214
36.98 5.22332
36.99 5.21448
37 5.20562
37.01 5.19674
37.02 5.18784
37.03 5.17893
37.04 5.17
37.05 5.16105
37.06 5.15209
37.07 5.1431
37.08 5.1341
37.09 5.12509
37.1 5.11605
37.11 5.107
37.12 5.09793
37.13 5.08884
37.14 5.07974
37.15 5.07062
37.16 5.06148
37.17 5.05232
37.18 5.04315
37.19 5.03396
37.2 5.02475
37.21 5.01553
37.22 5.00629
37.23 4.99703
37.24 4.98776
37.25 4.97846
37.26 4.96916
37.27 4.95983
37.28 4.95049
37.29 4.94113
37.3 4.93175
37.31 4.92236
37.32 4.91295
37.33 4.90353
37.34 4.89408
37.35 4.88462
37.36 4.87515
37.37 4.86566
37.38 4.85615
37.39 4.84662
37.4 4.83708
37.41 4.82753
37.42 4.81795
37.43 4.80836
37.44 4.79876
37.45 4.78913
37.46 4.7795
37.47 4.76984
37.48 4.76017
37.49 4.75048
37.5 4.74078
37.51 4.73106
37.52 4.72133
37.53 4.71158
37.54 4.70181
37.55 4.69203
37.56 4.68223
37.57 4.67242
37.58 4.66259
37.59 4.65274
37.6 4.64288
37.61 4.63301
37.62 4.62312
37.63 4.61321
37.64 4.60329
37.65 4.59335
37.66 4.5834
37.67 4.57343
37.68 4.56344
37.69 4.55344
37.7 4.54343
37.71 4.5334
37.72 4.52336
37.73 4.5133
37.74 4.50322
37.75 4.49313
37.76 4.48303
37.77 4.47291
37.78 4.46278
37.79 4.45263
37.8 4.44246
37.81 4.43229
37.82 4.42209
37.83 4.41189
37.84 4.40166
37.85 4.39143
37.86 4.38118
37.87 4.37091
37.88 4.36063
37.89 4.35034
37.9 4.34003
37.91 4.3297
37.92 4.31937
37.93 4.30902
37.94 4.29865
37.95 4.28827
37.96 4.27788
37.97 4.26747
37.98 4.25705
37.99 4.24661
38 4.23617
38.01 4.2257
38.02 4.21523
38.03 4.20474
38.04 4.19423
38.05 4.18372
38.06 4.17318
38.07 4.16264
38.08 4.15208
38.09 4.14151
38.1 4.13093
38.11 4.12033
38.12 4.10972
38.13 4.09909
38.14 4.08846
38.15 4.07781
38.16 4.06714
38.17 4.05647
38.18 4.04578
38.19 4.03508
38.2 4.02436
38.21 4.01363
38.22 4.00289
38.23 3.99214
38.24 3.98137
38.25 3.97059
38.26 3.9598
38.27 3.949
38.28 3.93818
38.29 3.92736
38.3 3.91652
38.31 3.90566
38.32 3.8948
38.33 3.88392
38.34 3.87303
38.35 3.86213
38.36 3.85122
38.37 3.84029
38.38 3.82936
38.39 3.81841
38.4 3.80745
38.41 3.79648
38.42 3.78549
38.43 3.7745
38.44 3.76349
38.45 3.75247
38.46 3.74145
38.47 3.7304
38.48 3.71935
38.49 3.70829
38.5 3.69721
38.51 3.68613
38.52 3.67503
38.53 3.66393
38.54 3.65281
38.55 3.64168
38.56 3.63054
38.57 3.61939
38.58 3.60822
38.59 3.59705
38.6 3.58587
38.61 3.57468
38.62 3.56347
38.63 3.55226
38.64 3.54103
38.65 3.5298
38.66 3.51855
38.67 3.5073
38.68 3.49603
38.69 3.48476
38.7 3.47347
38.71 3.46218
38.72 3.45087
38.73 3.43956
38.74 3.42823
38.75 3.4169
38.76 3.40556
38.77 3.3942
38.78 3.38284
38.79 3.37147
38.8 3.36009
38.81 3.3487
38.82 3.3373
38.83 3.32589
38.84 3.31447
38.85 3.30304
38.86 3.29161
38.87 3.28016
38.88 3.26871
38.89 3.25725
38.9 3.24578
38.91 3.2343
38.92 3.22281
38.93 3.21131
38.94 3.19981
38.95 3.18829
38.96 3.17677
38.97 3.16524
38.98 3.1537
38.99 3.14216
39 3.1306
39.01 3.11904
39.02 3.10747
39.03 3.09589
39.04 3.08431
39.05 3.07272
39.06 3.06111
39.07 3.04951
39.08 3.03789
39.09 3.02627
39.1 3.01464
39.11 3.003
39.12 2.99136
39.13 2.9797
39.14 2.96805
39.15 2.95638
39.16 2.94471
39.17 2.93303
39.18 2.92134
39.19 2.90965
39.2 2.89795
39.21 2.88624
39.22 2.87453
39.23 2.86281
39.24 2.85109
39.25 2.83936
39.26 2.82762
39.27 2.81588
39.28 2.80413
39.29 2.79237
39.3 2.78061
39.31 2.76884
39.32 2.75707
39.33 2.74529
39.34 2.73351
39.35 2.72172
39.36 2.70993
39.37 2.69813
39.38 2.68632
39.39 2.67451
39.4 2.6627
39.41 2.65088
39.42 2.63905
39.43 2.62722
39.44 2.61538
39.45 2.60355
39.46 2.5917
39.47 2.57985
39.48 2.568
39.49 2.55614
39.5 2.54428
39.51 2.53241
39.52 2.52054
39.53 2.50867
39.54 2.49679
39.55 2.48491
39.56 2.47302
39.57 2.46113
39.58 2.44924
39.59 2.43734
39.6 2.42544
39.61 2.41354
39.62 2.40163
39.63 2.38972
39.64 2.3778
39.65 2.36589
39.66 2.35397
39.67 2.34204
39.68 2.33012
39.69 2.31819
39.7 2.30626
39.71 2.29432
39.72 2.28239
39.73 2.27045
39.74 2.25851
39.75 2.24656
39.76 2.23462
39.77 2.22267
39.78 2.21072
39.79 2.19877
39.8 2.18682
39.81 2.17486
39.82 2.1629
39.83 2.15095
39.84 2.13899
39.85 2.12703
39.86 2.11506
39.87 2.1031
39.88 2.09113
39.89 2.07917
39.9 2.0672
39.91 2.05523
39.92 2.04326
39.93 2.03129
39.94 2.01932
39.95 2.00735
39.96 1.99538
39.97 1.98341
39.98 1.97144
39.99 1.95947
40 1.9475
40.01 1.93552
40.02 1.92355
40.03 1.91158
40.04 1.89961
40.05 1.88764
40.06 1.87567
40.07 1.8637
40.08 1.85173
40.09 1.83976
40.1 1.82779
40.11 1.81582
40.12 1.80386
40.13 1.79189
40.14 1.77993
40.15 1.76797
40.16 1.75601
40.17 1.74405
40.18 1.73209
40.19 1.72013
40.2 1.70818
40.21 1.69622
40.22 1.68427
40.23 1.67233
40.24 1.66038
40.25 1.64843
40.26 1.63649
40.27 1.62455
40.28 1.61262
40.29 1.60068
40.3 1.58875
40.31 1.57682
40.32 1.56489
40.33 1.55297
40.34 1.54105
40.35 1.52913
40.36 1.51722
40.37 1.50531
40.38 1.4934
40.39 1.4815
40.4 1.4696
40.41 1.4577
40.42 1.44581
40.43 1.43392
40.44 1.42204
40.45 1.41016
40.46 1.39829
40.47 1.38641
40.48 1.37455
40.49 1.36269
40.5 1.35083
40.51 1.33898
40.52 1.32713
40.53 1.31528
40.54 1.30345
40.55 1.29161
40.56 1.27979
40.57 1.26797
40.58 1.25615
40.59 1.24434
40.6 1.23253
40.61 1.22073
40.62 1.20894
40.63 1.19715
40.64 1.18537
40.65 1.1736
40.66 1.16183
40.67 1.15006
40.68 1.13831
40.69 1.12656
40.7 1.11482
40.71 1.10308
40.72 1.09135
40.73 1.07963
40.74 1.06791
40.75 1.05621
40.76 1.04451
40.77 1.03281
40.78 1.02113
40.79 1.00945
40.8 0.997781
40.81 0.986119
40.82 0.974465
40.83 0.962819
40.84 0.951181
40.85 0.939552
40.86 0.927931
40.87 0.916319
40.88 0.904715
40.89 0.89312
40.9 0.881534
40.91 0.869956
40.92 0.858388
40.93 0.846829
40.94 0.835279
40.95 0.823739
40.96 0.812208
40.97 0.800687
40.98 0.789175
40.99 0.777674
41 0.766182
41.01 0.7547
41.02 0.743229
41.03 0.731768
41.04 0.720317
41.05 0.708876
41.06 0.697447
41.07 0.686028
41.08 0.67462
41.09 0.663222
41.1 0.651836
41.11 0.640461
41.12 0.629098
41.13 0.617745
41.14 0.606404
41.15 0.595075
41.16 0.583758
41.17 0.572452
41.18 0.561159
41.19 0.549877
41.2 0.538608
41.21 0.527351
41.22 0.516107
41.23 0.504875
41.24 0.493655
41.25 0.482449
41.26 0.471255
41.27 0.460074
41.28 0.448907
41.29 0.437753
41.3 0.426612
41.31 0.415484
41.32 0.404371
41.33 0.39327
41.34 0.382184
41.35 0.371112
41.36 0.360054
41.37 0.34901
41.38 0.33798
41.39 0.326964
41.4 0.315964
41.41 0.304978
41.42 0.294006
41.43 0.28305
41.44 0.272108
41.45 0.261182
41.46 0.250271
41.47 0.239375
41.48 0.228495
41.49 0.217631
41.5 0.206782
41.51 0.195949
41.52 0.185132
41.53 0.174331
41.54 0.163547
41.55 0.152778
41.56 0.142027
41.57 0.131291
41.58 0.120573
41.59 0.109871
41.6 0.0991866
41.61 0.088519
41.62 0.0778686
41.63 0.0672356
41.64 0.05662
41.65 0.046022
41.66 0.0354417
41.67 0.0248793
41.68 0.0143348
41.69 0.00380835
41.7 -0.00669988
41.71 -0.0171898
41.72 -0.0276612
41.73 -0.0381141
41.74 -0.0485482
41.75 -0.0589636
41.76 -0.0693599
41.77 -0.0797372
41.78 -0.0900953
41.79 -0.100434
41.8 -0.110753
41.81 -0.121053
41.82 -0.131333
41.83 -0.141593
41.84 -0.151833
41.85 -0.162053
41.86 -0.172253
41.87 -0.182432
41.88 -0.192591
41.89 -0.20273
41.9 -0.212847
41.91 -0.222944
41.92 -0.23302
41.93 -0.243075
41.94 -0.253108
41.95 -0.26312
41.96 -0.27311
41.97 -0.283079
41.98 -0.293026
41.99 -0.302951
42 -0.312854
42.01 -0.322735
42.02 -0.332594
42.03 -0.34243
42.04 -0.352243
42.05 -0.362034
42.06 -0.371802
42.07 -0.381547
42.08 -0.391269
42.09 -0.400968
42.1 -0.410643
42.11 -0.420295
42.12 -0.429924
42.13 -0.439528
42.14 -0.449109
42.15 -0.458665
42.16 -0.468198
42.17 -0.477706
42.18 -0.48719
42.19 -0.496649
42.2 -0.506083
42.21 -0.515493
42.22 -0.524877
42.23 -0.534237
42.24 -0.543571
42.25 -0.55288
42.26 -0.562164
42.27 -0.571421
42.28 -0.580653
42.29 -0.58986
42.3 -0.59904
42.31 -0.608193
42.32 -0.617321
42.33 -0.626422
42.34 -0.635496
42.35 -0.644544
42.36 -0.653565
42.37 -0.662559
42.38 -0.671526
42.39 -0.680465
42.4 -0.689377
42.41 -0.698261
42.42 -0.707118
42.43 -0.715947
42.44 -0.724748
42.45 -0.733521
42.46 -0.742265
42.47 -0.750981
42.48 -0.759669
42.49 -0.768328
42.5 -0.776958
42.51 -0.785559
42.52 -0.794131
42.53 -0.802674
42.54 -0.811187
42.55 -0.819671
42.56 -0.828125
42.57 -0.836549
42.58 -0.844944
42.59 -0.853308
42.6 -0.861642
42.61 -0.869946
42.62 -0.878219
42.63 -0.886462
42.64 -0.894674
42.65 -0.902855
42.66 -0.911005
42.67 -0.919123
42.68 -0.92721
42.69 -0.935266
42.7 -0.94329
42.71 -0.951282
42.72 -0.959243
42.73 -0.967171
42.74 -0.975067
42.75 -0.98293
42.76 -0.990762
42.77 -0.99856
42.78 -1.00633
42.79 -1.01406
42.8 -1.02176
42.81 -1.02942
42.82 -1.03706
42.83 -1.04466
42.84 -1.05222
42.85 -1.05975
42.86 -1.06725
42.87 -1.07472
42.88 -1.08215
42.89 -1.08954
42.9 -1.0969
42.91 -1.10423
42.92 -1.11152
42.93 -1.11877
42.94 -1.126
42.95 -1.13318
42.96 -1.14033
42.97 -1.14745
42.98 -1.15452
42.99 -1.16157
43 -1.16857
43.01 -1.17554
43.02 -1.18248
43.03 -1.18938
43.04 -1.19624
43.05 -1.20306
43.06 -1.20985
43.07 -1.2166
43.08 -1.22331
43.09 -1.22999
43.1 -1.23663
43.11 -1.24323
43.12 -1.24979
43.13 -1.25632
43.14 -1.2628
43.15 -1.26925
43.16 -1.27566
43.17 -1.28203
43.18 -1.28837
43.19 -1.29466
43.2 -1.30091
43.21 -1.30713
43.22 -1.31331
43.23 -1.31944
43.24 -1.32554
43.25 -1.3316
43.26 -1.33761
43.27 -1.34359
43.28 -1.34953
43.29 -1.35543
43.3 -1.36128
43.31 -1.3671
43.32 -1.37287
43.33 -1.3786
43.34 -1.3843
43.35 -1.38995
43.36 -1.39556
43.37 -1.40112
43.38 -1.40665
43.39 -1.41213
43.4 -1.41758
43.41 -1.42298
43.42 -1.42833
43.43 -1.43365
43.44 -1.43892
43.45 -1.44415
43.46 -1.44934
43.47 -1.45448
43.48 -1.45958
43.49 -1.46463
43.5 -1.46965
43.51 -1.47462
43.52 -1.47954
43.53 -1.48442
43.54 -1.48926
43.55 -1.49405
43.56 -1.4988
43.57 -1.5035
43.58 -1.50816
43.59 -1.51277
43.6 -1.51734
43.61 -1.52186
43.62 -1.52633
43.63 -1.53076
43.64 -1.53515
43.65 -1.53949
43.66 -1.54378
43.67 -1.54803
43.68 -1.55223
43.69 -1.55638
43.7 -1.56049
43.71 -1.56455
43.72 -1.56856
43.73 -1.57252
43.74 -1.57644
43.75 -1.58031
43.76 -1.58413
43.77 -1.58791
43.78 -1.59163
43.79 -1.59531
43.8 -1.59894
43.81 -1.60252
43.82 -1.60606
43.83 -1.60954
43.84 -1.61297
43.85 -1.61636
43.86 -1.6197
43.87 -1.62298
43.88 -1.62622
43.89 -1.62941
43.9 -1.63254
43.91 -1.63563
43.92 -1.63867
43.93 -1.64165
43.94 -1.64459
43.95 -1.64747
43.96 -1.65031
43.97 -1.65309
43.98 -1.65582
43.99 -1.6585
44 -1.66113
44.01 -1.6637
44.02 -1.66623
44.03 -1.6687
44.04 -1.67112
44.05 -1.67349
44.06 -1.6758
44.07 -1.67806
44.08 -1.68027
44.09 -1.68243
44.1 -1.68453
44.11 -1.68658
44.12 -1.68858
44.13 -1.69052
44.14 -1.69241
44.15 -1.69424
44.16 -1.69602
44.17 -1.69775
44.18 -1.69942
44.19 -1.70104
44.2 -1.7026
44.21 -1.70411
44.22 -1.70556
44.23 -1.70695
44.24 -1.70829
44.25 -1.70958
44.26 -1.71081
44.27 -1.71198
44.28 -1.7131
44.29 -1.71416
44.3 -1.71516
44.31 -1.71611
44.32 -1.717
44.33 -1.71783
44.34 -1.71861
44.35 -1.71932
44.36 -1.71998
44.37 -1.72059
44.38 -1.72113
44.39 -1.72162
44.4 -1.72205
44.41 -1.72242
44.42 -1.72273
44.43 -1.72299
44.44 -1.72318
44.45 -1.72332
44.46 -1.72339
44.47 -1.72341
44.48 -1.72337
44.49 -1.72327
44.5 -1.7231
44.51 -1.72288
44.52 -1.7226
44.53 -1.72226
44.54 -1.72185
44.55 -1.72139
44.56 -1.72087
44.57 -1.72028
44.58 -1.71963
44.59 -1.71893
44.6 -1.71816
44.61 -1.71732
44.62 -1.71643
44.63 -1.71548
44.64 -1.71446
44.65 -1.71338
44.66 -1.71224
44.67 -1.71103
44.68 -1.70976
44.69 -1.70843
44.7 -1.70704
44.71 -1.70558
44.72 -1.70406
44.73 -1.70247
44.74 -1.70082
44.75 -1.69911
44.76 -1.69733
44.77 -1.69549
44.78 -1.69359
44.79 -1.69162
44.8 -1.68958
44.81 -1.68748
44.82 -1.68531
44.83 -1.68308
44.84 -1.68078
44.85 -1.67842
44.86 -1.67599
44.87 -1.6735
44.88 -1.67094
44.89 -1.66831
44.9 -1.66561
44.91 -1.66285
44.92 -1.66002
44.93 -1.65713
44.94 -1.65417
44.95 -1.65114
44.96 -1.64804
44.97 -1.64487
44.98 -1.64164
44.99 -1.63834
45 -1.63497
45.01 -1.63153
45.02 -1.62802
45.03 -1.62445
45.04 -1.6208
45.05 -1.61709
45.06 -1.61331
45.07 -1.60945
45.08 -1.60553
45.09 -1.60154
45.1 -1.59748
45.11 -1.59334
45.12 -1.58914
45.13 -1.58487
45.14 -1.58052
45.15 -1.57611
45.16 -1.57162
45.17 -1.56706
45.18 -1.56244
45.19 -1.55774
45.2 -1.55296
45.21 -1.54812
45.22 -1.5432
45.23 -1.53822
45.24 -1.53315
45.25 -1.52802
45.26 -1.52282
45.27 -1.51754
45.28 -1.51218
45.29 -1.50676
45.3 -1.50126
45.31 -1.49569
45.32 -1.49004
45.33 -1.48432
45.34 -1.47853
45.35 -1.47266
45.36 -1.46672
45.37 -1.4607
45.38 -1.45461
45.39 -1.44844
45.4 -1.4422
45.41 -1.43588
45.42 -1.42948
45.43 -1.42301
45.44 -1.41647
45.45 -1.40985
45.46 -1.40315
45.47 -1.39638
45.48 -1.38953
45.49 -1.3826
45.5 -1.3756
45.51 -1.36851
45.52 -1.36136
45.53 -1.35412
45.54 -1.34681
45.55 -1.33942
45.56 -1.33195
45.57 -1.3244
45.58 -1.31678
45.59 -1.30907
45.6 -1.30129
45.61 -1.29343
45.62 -1.28549
45.63 -1.27747
45.64 -1.26937
45.65 -1.26119
45.66 -1.25294
45.67 -1.2446
45.68 -1.23618
45.69 -1.22768
45.7 -1.21911
45.71 -1.21045
45.72 -1.20171
45.73 -1.19289
45.74 -1.18399
45.75 -1.17501
45.76 -1.16594
45.77 -1.1568
45.78 -1.14757
45.79 -1.13826
45.8 -1.12887
45.81 -1.1194
45.82 -1.10985
45.83 -1.10021
45.84 -1.09049
45.85 -1.08068
45.86 -1.0708
45.87 -1.06083
45.88 -1.05078
45.89 -1.04064
45.9 -1.03042
45.91 -1.02011
45.92 -1.00973
45.93 -0.999252
45.94 -0.988695
45.95 -0.978053
45.96 -0.967327
45.97 -0.956515
45.98 -0.945618
45.99 -0.934636
46 -0.923569
46.01 -0.912415
46.02 -0.901176
46.03 -0.889851
46.04 -0.87844
46.05 -0.866943
46.06 -0.855359
46.07 -0.843688
46.08 -0.83193
46.09 -0.820086
46.1 -0.808154
46.11 -0.796135
46.12 -0.784028
46.13 -0.771833
46.14 -0.759551
46.15 -0.747181
46.16 -0.734722
46.17 -0.722175
46.18 -0.70954
46.19 -0.696816
46.2 -0.684002
46.21 -0.6711
46.22 -0.658109
46.23 -0.645028
46.24 -0.631857
46.25 -0.618597
46.26 -0.605247
46.27 -0.591807
46.28 -0.578276
46.29 -0.564656
46.3 -0.550944
46.31 -0.537142
46.32 -0.523249
46.33 -0.509264
46.34 -0.495189
46.35 -0.481021
46.36 -0.466763
46.37 -0.452412
46.38 -0.43797
46.39 -0.423435
46.4 -0.408808
46.41 -0.394089
46.42 -0.379277
46.43 -0.364372
46.44 -0.349375
46.45 -0.334284
46.46 -0.3191
46.47 -0.303822
46.48 -0.288451
46.49 -0.272985
46.5 -0.257426
46.51 -0.241773
46.52 -0.226025
46.53 -0.210183
46.54 -0.194247
46.55 -0.178215
46.56 -0.162089
46.57 -0.145867
46.58 -0.12955
46.59 -0.113137
46.6 -0.0966291
46.61 -0.0800251
46.62 -0.0633251
46.63 -0.0465289
46.64 -0.0296364
46.65 -0.0126474
46.66 0.00443824
46.67 0.0216207
46.68 0.0389002
46.69 0.0562769
46.7 0.0737509
46.71 0.0913224
46.72 0.108991
46.73 0.126758
46.74 0.144623
46.75 0.162587
46.76 0.180648
46.77 0.198808
46.78 0.217067
46.79 0.235424
46.8 0.25388
46.81 0.272436
46.82 0.291091
46.83 0.309845
46.84 0.328699
46.85 0.347653
46.86 0.366707
46.87 0.385861
46.88 0.405115
46.89 0.42447
46.9 0.443925
46.91 0.463481
46.92 0.483138
46.93 0.502896
46.94 0.522756
46.95 0.542717
46.96 0.562779
46.97 0.582944
46.98 0.60321
46.99 0.623578
47 0.644049
47.01 0.664622
47.02 0.685298
47.03 0.706076
47.04 0.726957
47.05 0.747942
47.06 0.769029
47.07 0.79022
47.08 0.811515
47.09 0.832913
47.1 0.854415
47.11 0.876021
47.12 0.897732
47.13 0.919547
47.14 0.941466
47.15 0.96349
47.16 0.985619
47.17 1.00785
47.18 1.03019
47.19 1.05264
47.2 1.07519
47.21 1.09784
47.22 1.1206
47.23 1.14347
47.24 1.16644
47.25 1.18952
47.26 1.21271
47.27 1.236
47.28 1.2594
47.29 1.28291
47.3 1.30652
47.31 1.33024
47.32 1.35407
47.33 1.378
47.34 1.40205
47.35 1.4262
47.36 1.45046
47.37 1.47482
47.38 1.4993
47.39 1.52388
47.4 1.54858
47.41 1.57338
47.42 1.59829
47.43 1.62331
47.44 1.64844
47.45 1.67367
47.46 1.69902
47.47 1.72448
47.48 1.75005
47.49 1.77572
47.5 1.80151
47.51 1.82741
47.52 1.85342
47.53 1.87953
47.54 1.90576
47.55 1.93211
47.56 1.95856
47.57 1.98512
47.58 2.01179
47.59 2.03858
47.6 2.06548
47.61 2.09249
47.62 2.11961
47.63 2.14684
47.64 2.17419
47.65 2.20165
47.66 2.22922
47.67 2.2569
47.68 2.2847
47.69 2.31261
47.7 2.34063
47.71 2.36877
47.72 2.39702
47.73 2.42538
47.74 2.45386
47.75 2.48245
47.76 2.51115
47.77 2.53997
47.78 2.56891
47.79 2.59795
47.8 2.62712
47.81 2.65639
47.82 2.68579
47.83 2.7153
47.84 2.74492
47.85 2.77466
47.86 2.80451
47.87 2.83448
47.88 2.86457
47.89 2.89477
47.9 2.92509
47.91 2.95552
47.92 2.98607
47.93 3.01674
47.94 3.04752
47.95 3.07842
47.96 3.10944
47.97 3.14058
47.98 3.17183
47.99 3.2032
48 3.23468
48.01 3.26629
48.02 3.29801
48.03 3.32985
48.04 3.36181
48.05 3.39389
48.06 3.42608
48.07 3.4584
48.08 3.49083
48.09 3.52338
48.1 3.55605
48.11 3.58884
48.12 3.62175
48.13 3.65478
48.14 3.68793
48.15 3.72119
48.16 3.75458
48.17 3.78809
48.18 3.82172
48.19 3.85546
48.2 3.88933
48.21 3.92332
48.22 3.95743
48.23 3.99166
48.24 4.02601
48.25 4.06048
48.26 4.09507
48.27 4.12978
48.28 4.16462
48.29 4.19958
48.3 4.23465
48.31 4.26985
48.32 4.30518
48.33 4.34062
48.34 4.37619
48.35 4.41188
48.36 4.44769
48.37 4.48362
48.38 4.51968
48.39 4.55586
48.4 4.59216
48.41 4.62858
48.42 4.66513
48.43 4.7018
48.44 4.7386
48.45 4.77552
48.46 4.81256
48.47 4.84973
48.48 4.88702
48.49 4.92443
48.5 4.96197
48.51 4.99964
48.52 5.03742
48.53 5.07534
48.54 5.11337
48.55 5.15154
48.56 5.18982
48.57 5.22823
48.58 5.26677
48.59 5.30543
48.6 5.34422
48.61 5.38314
48.62 5.42218
48.63 5.46134
48.64 5.50063
48.65 5.54005
48.66 5.57959
48.67 5.61926
48.68 5.65906
48.69 5.69898
48.7 5.73903
48.71 5.77921
48.72 5.81951
48.73 5.85994
48.74 5.9005
48.75 5.94119
48.76 5.982
48.77 6.02294
48.78 6.06401
48.79 6.1052
48.8 6.14652
48.81 6.18798
48.82 6.22955
48.83 6.27126
48.84 6.3131
48.85 6.35506
48.86 6.39715
48.87 6.43937
48.88 6.48172
48.89 6.5242
48.9 6.56681
48.91 6.60955
48.92 6.65241
48.93 6.69541
48.94 6.73853
48.95 6.78178
48.96 6.82517
48.97 6.86868
48.98 6.91232
48.99 6.9561
49 7
49.01 7.04403
49.02 7.0882
49.03 7.13249
49.04 7.17691
49.05 7.22147
49.06 7.26615
49.07 7.31097
49.08 7.35592
49.09 7.401
49.1 7.4462
49.11 7.49154
49.12 7.53702
49.13 7.58262
49.14 7.62835
49.15 7.67422
49.16 7.72022
49.17 7.76634
49.18 7.81261
49.19 7.859
49.2 7.90552
49.21 7.95218
49.22 7.99897
49.23 8.04589
49.24 8.09295
49.25 8.14013
49.26 8.18745
49.27 8.2349
49.28 8.28249
49.29 8.33021
49.3 8.37806
49.31 8.42604
49.32 8.47416
49.33 8.52241
49.34 8.57079
49.35 8.61931
49.36 8.66796
49.37 8.71674
49.38 8.76566
49.39 8.81471
49.4 8.8639
49.41 8.91322
49.42 8.96267
49.43 9.01226
49.44 9.06198
49.45 9.11183
49.46 9.16182
49.47 9.21195
49.48 9.26221
49.49 9.3126
49.5 9.36313
49.51 9.41379
49.52 9.46459
49.53 9.51553
49.54 9.56659
49.55 9.6178
49.56 9.66914
49.57 9.72061
49.58 9.77222
49.59 9.82396
49.6 9.87584
49.61 9.92786
49.62 9.98001
49.63 10.0323
49.64 10.0847
49.65 10.1373
49.66 10.19
49.67 10.2428
49.68 10.2958
49.69 10.3489
49.7 10.4021
49.71 10.4555
49.72 10.509
49.73 10.5626
49.74 10.6164
49.75 10.6703
49.76 10.7244
49.77 10.7786
49.78 10.8329
49.79 10.8874
49.8 10.942
49.81 10.9967
49.82 11.0516
49.83 11.1066
49.84 11.1618
49.85 11.2171
49.86 11.2725
49.87 11.3281
49.88 11.3838
49.89 11.4396
49.9 11.4956
49.91 11.5517
49.92 11.608
49.93 11.6643
49.94 11.7209
49.95 11.7775
49.96 11.8343
49.97 11.8913
49.98 11.9484
49.99 12.0056
50 12.0629
50.01 12.1204
50.02 12.1781
50.03 12.2358
50.04 12.2937
50.05 12.3518
50.06 12.41
50.07 12.4683
50.08 12.5267
50.09 12.5853
50.1 12.6441
50.11 12.703
50.12 12.762
50.13 12.8211
50.14 12.8804
50.15 12.9398
50.16 12.9994
50.17 13.0591
50.18 13.119
50.19 13.1789
50.2 13.2391
50.21 13.2993
50.22 13.3597
50.23 13.4203
50.24 13.481
50.25 13.5418
50.26 13.6027
50.27 13.6638
50.28 13.7251
50.29 13.7865
50.3 13.848
50.31 13.9096
50.32 13.9714
50.33 14.0334
50.34 14.0954
50.35 14.1576
50.36 14.22
50.37 14.2825
50.38 14.3451
50.39 14.4079
50.4 14.4708
50.41 14.5338
50.42 14.597
50.43 14.6604
50.44 14.7238
50.45 14.7874
50.46 14.8512
50.47 14.9151
50.48 14.9791
50.49 15.0433
50.5 15.1076
50.51 15.172
50.52 15.2366
50.53 15.3013
50.54 15.3662
50.55 15.4312
50.56 15.4963
50.57 15.5616
50.58 15.627
50.59 15.6926
50.6 15.7583
50.61 15.8242
50.62 15.8901
50.63 15.9563
50.64 16.0225
50.65 16.0889
50.66 16.1555
50.67 16.2222
50.68 16.289
50.69 16.356
50.7 16.4231
50.71 16.4903
50.72 16.5577
50.73 16.6252
50.74 16.6929
50.75 16.7607
50.76 16.8286
50.77 16.8967
50.78 16.9649
50.79 17.0333
50.8 17.1018
50.81 17.1704
50.82 17.2392
50.83 17.3081
50.84 17.3772
50.85 17.4464
50.86 17.5157
50.87 17.5852
50.88 17.6548
50.89 17.7246
50.9 17.7945
50.91 17.8645
50.92 17.9347
50.93 18.005
50.94 18.0755
50.95 18.1461
50.96 18.2168
50.97 18.2877
50.98 18.3587
50.99 18.4299
51 18.5012
51.01 18.5726
51.02 18.6442
51.03 18.7159
51.04 18.7878
51.05 18.8598
51.06 18.9319
51.07 19.0042
51.08 19.0766
51.09 19.1491
51.1 19.2218
51.11 19.2947
51.12 19.3676
51.13 19.4407
51.14 19.514
51.15 19.5874
51.16 19.6609
51.17 19.7346
51.18 19.8084
51.19 19.8823
51.2 19.9564
51.21 20.0306
51.22 20.105
51.23 20.1795
51.24 20.2541
51.25 20.3289
51.26 20.4038
51.27 20.4789
51.28 20.554
51.29 20.6294
51.3 20.7048
51.31 20.7804
51.32 20.8562
51.33 20.9321
51.34 21.0081
51.35 21.0843
51.36 21.1606
51.37 21.237
51.38 21.3136
51.39 21.3903
51.4 21.4671
51.41 21.5441
51.42 21.6212
51.43 21.6985
51.44 21.7759
51.45 21.8534
51.46 21.9311
51.47 22.0089
51.48 22.0869
51.49 22.165
51.5 22.2432
51.51 22.3216
51.52 22.4001
51.53 22.4787
51.54 22.5575
51.55 22.6364
51.56 22.7154
51.57 22.7946
51.58 22.8739
51.59 22.9534
51.6 23.033
51.61 23.1127
51.62 23.1926
51.63 23.2726
51.64 23.3527
51.65 23.433
51.66 23.5134
51.67 23.5939
51.68 23.6746
51.69 23.7554
51.7 23.8364
51.71 23.9175
51.72 23.9987
51.73 24.0801
51.74 24.1616
51.75 24.2432
51.76 24.325
51.77 24.4069
51.78 24.4889
51.79 24.5711
51.8 24.6534
51.81 24.7358
51.82 24.8184
51.83 24.9011
51.84 24.9839
51.85 25.0669
51.86 25.15
51.87 25.2332
51.88 25.3166
51.89 25.4001
51.9 25.4838
51.91 25.5676
51.92 25.6515
51.93 25.7355
51.94 25.8197
51.95 25.904
51.96 25.9884
51.97 26.073
51.98 26.1577
51.99 26.2426
52 26.3275
52.01 26.4126
52.02 26.4979
52.03 26.5833
52.04 26.6688
52.05 26.7544
52.06 26.8401
52.07 26.926
52.08 27.0121
52.09 27.0982
52.1 27.1845
52.11 27.2709
52.12 27.3575
52.13 27.4442
52.14 27.531
52.15 27.6179
52.16 27.705
52.17 27.7922
52.18 27.8795
52.19 27.967
52.2 28.0546
52.21 28.1423
52.22 28.2302
52.23 28.3181
52.24 28.4063
52.25 28.4945
52.26 28.5829
52.27 28.6714
52.28 28.76
52.29 28.8487
52.3 28.9376
52.31 29.0266
52.32 29.1158
52.33 29.205
52.34 29.2944
52.35 29.3839
52.36 29.4736
52.37 29.5633
52.38 29.6532
52.39 29.7433
52.4 29.8334
52.41 29.9237
52.42 30.0141
52.43 30.1046
52.44 30.1953
52.45 30.2861
52.46 30.377
52.47 30.468
52.48 30.5592
52.49 30.6504
52.5 30.7419
52.51 30.8334
52.52 30.925
52.53 31.0168
52.54 31.1087
52.55 31.2007
52.56 31.2929
52.57 31.3852
52.58 31.4776
52.59 31.5701
52.6 31.6627
52.61 31.7555
52.62 31.8484
52.63 31.9414
52.64 32.0345
52.65 32.1278
52.66 32.2211
52.67 32.3146
52.68 32.4083
52.69 32.502
52.7 32.5959
52.71 32.6898
52.72 32.7839
52.73 32.8781
52.74 32.9725
52.75 33.0669
52.76 33.1615
52.77 33.2562
52.78 33.351
52.79 33.446
52.8 33.541
52.81 33.6362
52.82 33.7315
52.83 33.8269
52.84 33.9224
52.85 34.0181
52.86 34.1138
52.87 34.2097
52.88 34.3057
52.89 34.4018
52.9 34.498
52.91 34.5944
52.92 34.6908
52.93 34.7874
52.94 34.8841
52.95 34.9809
52.96 35.0778
52.97 35.1748
52.98 35.272
52.99 35.3692
53 35.4666
53.01 35.5641
53.02 35.6617
53.03 35.7594
53.04 35.8572
53.05 35.9552
53.06 36.0532
53.07 36.1514
53.08 36.2496
53.09 36.348
53.1 36.4465
53.11 36.5451
53.12 36.6438
53.13 36.7427
53.14 36.8416
53.15 36.9407
53.16 37.0398
53.17 37.1391
53.18 37.2384
53.19 37.3379
53.2 37.4375
53.21 37.5372
53.22 37.637
53.23 37.7369
53.24 37.837
53.25 37.9371
53.26 38.0373
53.27 38.1377
53.28 38.2381
53.29 38.3387
53.3 38.4393
53.31 38.5401
53.32 38.6409
53.33 38.7419
53.34 38.843
53.35 38.9442
53.36 39.0455
53.37 39.1468
53.38 39.2483
53.39 39.3499
53.4 39.4516
53.41 39.5534
53.42 39.6553
53.43 39.7573
53.44 39.8594
53.45 39.9616
53.46 40.0639
53.47 40.1663
53.48 40.2688
53.49 40.3714
53.5 40.4741
53.51 40.5769
53.52 40.6798
53.53 40.7828
53.54 40.8859
53.55 40.9891
53.56 41.0924
53.57 41.1958
53.58 41.2993
53.59 41.4028
53.6 41.5065
53.61 41.6103
53.62 41.7141
53.63 41.8181
53.64 41.9221
53.65 42.0263
53.66 42.1305
53.67 42.2349
53.68 42.3393
53.69 42.4438
53.7 42.5484
53.71 42.6531
53.72 42.7579
53.73 42.8628
53.74 42.9678
53.75 43.0728
53.76 43.178
53.77 43.2832
53.78 43.3886
53.79 43.494
53.8 43.5995
53.81 43.7051
53.82 43.8108
53.83 43.9166
53.84 44.0224
53.85 44.1284
53.86 44.2344
53.87 44.3405
53.88 44.4467
53.89 44.553
53.9 44.6594
53.91 44.7658
53.92 44.8724
53.93 44.979
53.94 45.0857
53.95 45.1925
53.96 45.2994
53.97 45.4063
53.98 45.5134
53.99 45.6205
54 45.7277
54.01 45.8349
54.02 45.9423
54.03 46.0497
54.04 46.1573
54.05 46.2648
54.06 46.3725
54.07 46.4803
54.08 46.5881
54.09 46.696
54.1 46.804
54.11 46.912
54.12 47.0201
54.13 47.1283
54.14 47.2366
54.15 47.345
54.16 47.4534
54.17 47.5619
54.18 47.6705
54.19 47.7791
54.2 47.8878
54.21 47.9966
54.22 48.1055
54.23 48.2144
54.24 48.3234
54.25 48.4324
54.26 48.5416
54.27 48.6508
54.28 48.7601
54.29 48.8694
54.3 48.9788
54.31 49.0883
54.32 49.1978
54.33 49.3074
54.34 49.4171
54.35 49.5268
54.36 49.6366
54.37 49.7465
54.38 49.8564
54.39 49.9664
54.4 50.0764
54.41 50.1865
54.42 50.2967
54.43 50.407
54.44 50.5172
54.45 50.6276
54.46 50.738
54.47 50.8485
54.48 50.959
54.49 51.0696
54.5 51.1802
54.51 51.2909
54.52 51.4017
54.53 51.5125
54.54 51.6234
54.55 51.7343
54.56 51.8453
54.57 51.9563
54.58 52.0674
54.59 52.1785
54.6 52.2897
54.61 52.401
54.62 52.5123
54.63 52.6236
54.64 52.735
54.65 52.8464
54.66 52.9579
54.67 53.0694
54.68 53.181
54.69 53.2927
54.7 53.4043
54.71 53.5161
54.72 53.6278
54.73 53.7397
54.74 53.8515
54.75 53.9634
54.76 54.0754
54.77 54.1873
54.78 54.2994
54.79 54.4114
54.8 54.5236
54.81 54.6357
54.82 54.7479
54.83 54.8601
54.84 54.9724
54.85 55.0847
54.86 55.1971
54.87 55.3094
54.88 55.4219
54.89 55.5343
54.9 55.6468
54.91 55.7593
54.92 55.8719
54.93 55.9845
54.94 56.0971
54.95 56.2098
54.96 56.3224
54.97 56.4352
54.98 56.5479
54.99 56.6607
55 56.7735
55.01 56.8863
55.02 56.9992
55.03 57.1121
55.04 57.225
55.05 57.3379
55.06 57.4509
55.07 57.5639
55.08 57.6769
55.09 57.79
55.1 57.903
55.11 58.0161
55.12 58.1292
55.13 58.2423
55.14 58.3555
55.15 58.4687
55.16 58.5818
55.17 58.695
55.18 58.8083
55.19 58.9215
55.2 59.0348
55.21 59.148
55.22 59.2613
55.23 59.3746
55.24 59.4879
55.25 59.6012
55.26 59.7146
55.27 59.8279
55.28 59.9413
55.29 60.0547
55.3 60.168
55.31 60.2814
55.32 60.3948
55.33 60.5082
55.34 60.6216
55.35 60.735
55.36 60.8485
55.37 60.9619
55.38 61.0753
55.39 61.1887
55.4 61.3022
55.41 61.4156
55.42 61.529
55.43 61.6425
55.44 61.7559
55.45 61.8694
55.46 61.9828
55.47 62.0962
55.48 62.2097
55.49 62.3231
55.5 62.4365
55.51 62.5499
55.52 62.6633
55.53 62.7767
55.54 62.8901
55.55 63.0035
55.56 63.1169
55.57 63.2302
55.58 63.3436
55.59 63.4569
55.6 63.5703
55.61 63.6836
55.62 63.7969
55.63 63.9102
55.64 64.0234
55.65 64.1367
55.66 64.2499
55.67 64.3632
55.68 64.4764
55.69 64.5895
55.7 64.7027
55.71 64.8158
55.72 64.929
55.73 65.0421
55.74 65.1551
55.75 65.2682
55.76 65.3812
55.77 65.4942
55.78 65.6072
55.79 65.7202
55.8 65.8331
55.81 65.946
55.82 66.0588
55.83 66.1717
55.84 66.2845
55.85 66.3972
55.86 66.51
55.87 66.6227
55.88 66.7353
55.89 66.848
55.9 66.9606
55.91 67.0731
55.92 67.1857
55.93 67.2981
55.94 67.4106
55.95 67.523
55.96 67.6353
55.97 67.7477
55.98 67.8599
55.99 67.9722
56 68.0844
56.01 68.1965
56.02 68.3086
56.03 68.4206
56.04 68.5326
56.05 68.6446
56.06 68.7565
56.07 68.8684
56.08 68.9802
56.09 69.0919
56.1 69.2036
56.11 69.3152
56.12 69.4268
56.13 69.5383
56.14 69.6498
56.15 69.7612
56.16 69.8726
56.17 69.9839
56.18 70.0951
56.19 70.2063
56.2 70.3174
56.21 70.4284
56.22 70.5394
56.23 70.6503
56.24 70.7612
56.25 70.872
56.26 70.9827
56.27 71.0933
56.28 71.2039
56.29 71.3144
56.3 71.4248
56.31 71.5352
56.32 71.6455
56.33 71.7557
56.34 71.8658
56.35 71.9759
56.36 72.0859
56.37 72.1958
56.38 72.3056
56.39 72.4153
56.4 72.525
56.41 72.6346
56.42 72.7441
56.43 72.8535
56.44 72.9628
56.45 73.0721
56.46 73.1812
56.47 73.2903
56.48 73.3993
56.49 73.5082
56.5 73.6169
56.51 73.7256
56.52 73.8343
56.53 73.9428
56.54 74.0512
56.55 74.1595
56.56 74.2677
56.57 74.3759
56.58 74.4839
56.59 74.5918
56.6 74.6996
56.61 74.8074
56.62 74.915
56.63 75.0225
56.64 75.1299
56.65 75.2372
56.66 75.3444
56.67 75.4515
56.68 75.5585
56.69 75.6653
56.7 75.7721
56.71 75.8787
56.72 75.9853
56.73 76.0917
56.74 76.198
56.75 76.3042
56.76 76.4102
56.77 76.5162
56.78 76.622
56.79 76.7277
56.8 76.8333
56.81 76.9387
56.82 77.044
56.83 77.1492
56.84 77.2543
56.85 77.3593
56.86 77.4641
56.87 77.5688
56.88 77.6733
56.89 77.7777
56.9 77.882
56.91 77.9862
56.92 78.0902
56.93 78.1941
56.94 78.2978
56.95 78.4014
56.96 78.5049
56.97 78.6082
56.98 78.7114
56.99 78.8144
57 78.9173
57.01 79.02
57.02 79.1226
57.03 79.2251
57.04 79.3274
57.05 79.4295
57.06 79.5315
57.07 79.6333
57.08 79.735
57.09 79.8366
57.1 79.9379
57.11 80.0391
57.12 80.1402
57.13 80.2411
57.14 80.3418
57.15 80.4424
57.16 80.5428
57.17 80.643
57.18 80.7431
57.19 80.843
57.2 80.9427
57.21 81.0423
57.22 81.1417
57.23 81.2409
57.24 81.34
57.25 81.4388
57.26 81.5375
57.27 81.6361
57.28 81.7344
57.29 81.8326
57.3 81.9305
57.31 82.0283
57.32 82.126
57.33 82.2234
57.34 82.3206
57.35 82.4177
57.36 82.5145
57.37 82.6112
57.38 82.7077
57.39 82.804
57.4 82.9001
57.41 82.996
57.42 83.0917
57.43 83.1872
57.44 83.2825
57.45 83.3776
57.46 83.4725
57.47 83.5672
57.48 83.6617
57.49 83.756
57.5 83.8501
57.51 83.944
57.52 84.0376
57.53 84.1311
57.54 84.2243
57.55 84.3173
57.56 84.4102
57.57 84.5028
57.58 84.5951
57.59 84.6873
57.6 84.7792
57.61 84.8709
57.62 84.9624
57.63 85.0537
57.64 85.1448
57.65 85.2356
57.66 85.3262
57.67 85.4165
57.68 85.5066
57.69 85.5965
57.7 85.6862
57.71 85.7756
57.72 85.8648
57.73 85.9537
57.74 86.0425
57.75 86.1309
57.76 86.2191
57.77 86.3071
57.78 86.3949
57.79 86.4823
57.8 86.5696
57.81 86.6566
57.82 86.7433
57.83 86.8298
57.84 86.916
57.85 87.002
57.86 87.0877
57.87 87.1732
57.88 87.2584
57.89 87.3433
57.9 87.428
57.91 87.5124
57.92 87.5966
57.93 87.6804
57.94 87.764
57.95 87.8474
57.96 87.9304
57.97 88.0132
57.98 88.0958
57.99 88.178
58 88.26
58.01 88.3417
58.02 88.4231
58.03 88.5042
58.04 88.585
58.05 88.6656
58.06 88.7458
58.07 88.8258
58.08 88.9055
58.09 88.9849
58.1 89.064
58.11 89.1428
58.12 89.2213
58.13 89.2996
58.14 89.3775
58.15 89.4551
58.16 89.5324
58.17 89.6094
58.18 89.6861
58.19 89.7625
58.2 89.8386
58.21 89.9144
58.22 89.9899
58.23 90.065
58.24 90.1399
58.25 90.2144
58.26 90.2886
58.27 90.3625
58.28 90.436
58.29 90.5093
58.3 90.5822
58.31 90.6548
58.32 90.727
58.33 90.799
58.34 90.8706
58.35 90.9418
58.36 91.0128
58.37 91.0834
58.38 91.1536
58.39 91.2236
58.4 91.2931
58.41 91.3624
58.42 91.4313
58.43 91.4998
58.44 91.568
58.45 91.6359
58.46 91.7034
58.47 91.7705
58.48 91.8373
58.49 91.9038
58.5 91.9698
58.51 92.0356
58.52 92.1009
58.53 92.1659
58.54 92.2305
58.55 92.2948
58.56 92.3587
58.57 92.4222
58.58 92.4854
58.59 92.5482
58.6 92.6106
58.61 92.6726
58.62 92.7343
58.63 92.7955
58.64 92.8564
58.65 92.9169
58.66 92.977
58.67 93.0368
58.68 93.0961
58.69 93.1551
58.7 93.2136
58.71 93.2718
58.72 93.3296
58.73 93.3869
58.74 93.4439
58.75 93.5005
58.76 93.5567
58.77 93.6124
58.78 93.6678
58.79 93.7227
58.8 93.7773
58.81 93.8314
58.82 93.8851
58.83 93.9384
58.84 93.9913
58.85 94.0437
58.86 94.0958
58.87 94.1474
58.88 94.1986
58.89 94.2493
58.9 94.2996
58.91 94.3495
58.92 94.399
58.93 94.448
58.94 94.4966
58.95 94.5448
58.96 94.5925
58.97 94.6398
58.98 94.6866
58.99 94.733
59 94.7789
59.01 94.8244
59.02 94.8694
59.03 94.914
59.04 94.9581
59.05 95.0018
59.06 95.045
59.07 95.0877
59.08 95.13
59.09 95.1718
59.1 95.2132
59.11 95.2541
59.12 95.2945
59.13 95.3344
59.14 95.3739
59.15 95.4128
59.16 95.4513
59.17 95.4894
59.18 95.5269
59.19 95.564
59.2 95.6005
59.21 95.6366
59.22 95.6722
59.23 95.7073
59.24 95.7419
59.25 95.776
59.26 95.8096
59.27 95.8427
59.28 95.8753
59.29 95.9073
59.3 95.9389
59.31 95.97
59.32 96.0006
59.33 96.0306
59.34 96.0601
59.35 96.0892
59.36 96.1177
59.37 96.1456
59.38 96.1731
59.39 96.2
59.4 96.2264
59.41 96.2523
59.42 96.2776
59.43 96.3024
59.44 96.3266
59.45 96.3504
59.46 96.3735
59.47 96.3962
59.48 96.4183
59.49 96.4398
59.5 96.4608
59.51 96.4813
59.52 96.5012
59.53 96.5205
59.54 96.5393
59.55 96.5575
59.56 96.5751
59.57 96.5922
59.58 96.6088
59.59 96.6247
59.6 96.6401
59.61 96.6549
59.62 96.6691
59.63 96.6828
59.64 96.6959
59.65 96.7084
59.66 96.7203
59.67 96.7316
59.68 96.7424
59.69 96.7525
59.7 96.7621
59.71 96.771
59.72 96.7794
59.73 96.7871
59.74 96.7943
59.75 96.8008
59.76 96.8068
59.77 96.8121
59.78 96.8169
59.79 96.821
59.8 96.8245
59.81 96.8273
59.82 96.8296
59.83 96.8312
59.84 96.8323
59.85 96.8326
59.86 96.8324
59.87 96.8315
59.88 96.83
59.89 96.8279
59.9 96.8251
59.91 96.8216
59.92 96.8176
59.93 96.8129
59.94 96.8075
59.95 96.8015
59.96 96.7948
59.97 96.7875
59.98 96.7795
59.99 96.7708
60 96.7615
60.01 96.7516
60.02 96.7409
60.03 96.7296
60.04 96.7176
60.05 96.705
60.06 96.6917
60.07 96.6776
60.08 96.6629
60.09 96.6476
60.1 96.6315
60.11 96.6148
60.12 96.5973
60.13 96.5792
60.14 96.5603
60.15 96.5408
60.16 96.5206
60.17 96.4996
60.18 96.478
60.19 96.4556
60.2 96.4326
60.21 96.4088
60.22 96.3843
60.23 96.3591
60.24 96.3331
60.25 96.3065
60.26 96.2791
60.27 96.251
60.28 96.2221
60.29 96.1925
60.3 96.1622
60.31 96.1311
60.32 96.0993
60.33 96.0668
60.34 96.0335
60.35 95.9995
60.36 95.9647
60.37 95.9291
60.38 95.8928
60.39 95.8558
60.4 95.8179
60.41 95.7793
60.42 95.74
60.43 95.6999
60.44 95.659
60.45 95.6173
60.46 95.5748
60.47 95.5316
60.48 95.4876
60.49 95.4428
60.5 95.3972
60.51 95.3508
60.52 95.3036
60.53 95.2556
60.54 95.2069
60.55 95.1573
60.56 95.1069
60.57 95.0557
60.58 95.0037
60.59 94.9509
60.6 94.8973
60.61 94.8428
60.62 94.7876
60.63 94.7315
60.64 94.6746
60.65 94.6168
60.66 94.5582
60.67 94.4988
60.68 94.4386
60.69 94.3775
60.7 94.3156
60.71 94.2528
60.72 94.1891
60.73 94.1247
60.74 94.0593
60.75 93.9932
60.76 93.9261
60.77 93.8582
60.78 93.7894
60.79 93.7198
60.8 93.6493
60.81 93.5779
60.82 93.5056
60.83 93.4325
60.84 93.3584
60.85 93.2835
60.86 93.2077
60.87 93.131
60.88 93.0535
60.89 92.975
60.9 92.8956
60.91 92.8153
60.92 92.7341
60.93 92.652
60.94 92.569
60.95 92.4851
60.96 92.4003
60.97 92.3145
60.98 92.2279
60.99 92.1402
61 92.0517
61.01 91.9623
61.02 91.8719
61.03 91.7805
61.04 91.6882
61.05 91.595
61.06 91.5009
61.07 91.4057
61.08 91.3097
61.09 91.2127
61.1 91.1147
61.11 91.0157
61.12 90.9158
61.13 90.815
61.14 90.7131
61.15 90.6103
61.16 90.5065
61.17 90.4017
61.18 90.296
61.19 90.1893
61.2 90.0815
61.21 89.9728
61.22 89.8631
61.23 89.7524
61.24 89.6407
61.25 89.528
61.26 89.4142
61.27 89.2995
61.28 89.1837
61.29 89.067
61.3 88.9492
61.31 88.8304
61.32 88.7106
61.33 88.5897
61.34 88.4678
61.35 88.3449
61.36 88.2209
61.37 88.0959
61.38 87.9699
61.39 87.8428
61.4 87.7146
61.41 87.5854
61.42 87.4552
61.43 87.3238
61.44 87.1915
61.45 87.058
61.46 86.9235
61.47 86.7879
61.48 86.6512
61.49 86.5135
61.5 86.3746
61.51 86.2347
61.52 86.0937
61.53 85.9516
61.54 85.8084
61.55 85.6641
61.56 85.5187
61.57 85.3722
61.58 85.2246
61.59 85.0758
61.6 84.926
61.61 84.775
61.62 84.6229
61.63 84.4697
61.64 84.3154
61.65 84.1599
61.66 84.0033
61.67 83.8455
61.68 83.6866
61.69 83.5266
61.7 83.3654
61.71 83.2031
61.72 83.0396
61.73 82.8749
61.74 82.7091
61.75 82.5421
61.76 82.374
61.77 82.2046
61.78 82.0341
61.79 81.8624
61.8 81.6896
61.81 81.5155
61.82 81.3403
61.83 81.1638
61.84 80.9862
61.85 80.8073
61.86 80.6273
61.87 80.4461
61.88 80.2636
61.89 80.0799
61.9 79.895
61.91 79.7089
61.92 79.5216
61.93 79.333
61.94 79.1432
61.95 78.9521
61.96 78.7599
61.97 78.5664
61.98 78.3716
61.99 78.1756
62 77.9783
62.01 77.7798
62.02 77.58
62.03 77.3789
62.04 77.1766
62.05 76.973
62.06 76.7681
62.07 76.562
62.08 76.3546
62.09 76.1459
62.1 75.9359
62.11 75.7246
62.12 75.512
62.13 75.2981
62.14 75.0829
62.15 74.8664
62.16 74.6485
62.17 74.4294
62.18 74.2089
62.19 73.9872
62.2 73.7641
62.21 73.5396
62.22 73.3139
62.23 73.0868
62.24 72.8583
62.25 72.6285
62.26 72.3974
62.27 72.1649
62.28 71.931
62.29 71.6958
62.3 71.4592
62.31 71.2213
62.32 70.982
62.33 70.7413
62.34 70.4992
62.35 70.2558
62.36 70.0109
62.37 69.7647
62.38 69.5171
62.39 69.2681
62.4 69.0176
62.41 68.7658
62.42 68.5126
62.43 68.2579
62.44 68.0019
62.45 67.7444
62.46 67.4854
62.47 67.2251
62.48 66.9633
62.49 66.7001
62.5 66.4354
62.51 66.1693
62.52 65.9018
62.53 65.6328
62.54 65.3623
62.55 65.0904
62.56 64.817
62.57 64.5421
62.58 64.2658
62.59 63.988
62.6 63.7087
62.61 63.4279
62.62 63.1457
62.63 62.8619
62.64 62.5767
62.65 62.2899
62.66 62.0017
62.67 61.7119
62.68 61.4206
62.69 61.1278
62.7 60.8335
62.71 60.5377
62.72 60.2403
62.73 59.9414
62.74 59.641
62.75 59.339
62.76 59.0355
62.77 58.7304
62.78 58.4238
62.79 58.1156
62.8 57.8058
62.81 57.4945
62.82 57.1816
62.83 56.8671
62.84 56.5511
62.85 56.2335
62.86 55.9143
62.87 55.5935
62.88 55.2711
62.89 54.9471
62.9 54.6215
62.91 54.2942
62.92 53.9654
62.93 53.635
62.94 53.3029
62.95 52.9692
62.96 52.6339
62.97 52.297
62.98 51.9584
62.99 51.6181
63 51.2763
63.01 50.9327
63.02 50.5876
63.03 50.2407
63.04 49.8922
63.05 49.542
63.06 49.1902
63.07 48.8367
63.08 48.4815
63.09 48.1246
63.1 47.766
63.11 47.4057
63.12 47.0437
63.13 46.68
63.14 46.3147
63.15 45.9476
63.16 45.5787
63.17 45.2082
63.18 44.836
63.19 44.462
63.2 44.0862
63.21 43.7088
63.22 43.3296
63.23 42.9486
63.24 42.5659
63.25 42.1814
63.26 41.7952
63.27 41.4072
63.28 41.0175
63.29 40.6259
63.3 40.2326
63.31 39.8375
63.32 39.4406
63.33 39.042
63.34 38.6415
63.35 38.2392
63.36 37.8351
63.37 37.4292
63.38 37.0215
63.39 36.612
63.4 36.2006
63.41 35.7874
63.42 35.3724
63.43 34.9555
63.44 34.5368
63.45 34.1163
63.46 33.6939
63.47 33.2696
63.48 32.8435
63.49 32.4155
63.5 31.9856
63.51 31.5539
63.52 31.1203
63.53 30.6848
63.54 30.2474
63.55 29.8081
63.56 29.3669
63.57 28.9238
63.58 28.4788
63.59 28.0319
63.6 27.583
63.61 27.1323
63.62 26.6796
63.63 26.225
63.64 25.7684
63.65 25.3099
63.66 24.8494
63.67 24.387
63.68 23.9227
63.69 23.4563
63.7 22.988
63.71 22.5178
63.72 22.0455
63.73 21.5713
63.74 21.0951
63.75 20.6169
63.76 20.1367
63.77 19.6545
63.78 19.1703
63.79 18.6841
63.8 18.1958
63.81 17.7056
63.82 17.2133
63.83 16.719
63.84 16.2226
63.85 15.7242
63.86 15.2238
63.87 14.7213
63.88 14.2168
63.89 13.7102
63.9 13.2015
63.91 12.6907
63.92 12.1779
63.93 11.663
63.94 11.146
63.95 10.627
63.96 10.1058
63.97 9.5825
63.98 9.05711
63.99 8.52961
64 8
