n, time
3, 0.004000
4, 0.000000
5, 0.001000
6, 0.000000
7, 0.000000
8, 0.001000
9, 0.001000
10, 0.000000
11, 0.001000
12, 0.000000
13, 0.000000
14, 0.000000
15, 0.000000
16, 0.000000
17, 0.000000
18, 0.000000
19, 0.001000
20, 0.000000
21, 0.001000
22, 0.000000
23, 0.001000
24, 0.001000
25, 0.000000
26, 0.000000
27, 0.001000
28, 0.001000
29, 0.000000
30, 0.001000
31, 0.001000
32, 0.001000
33, 0.001000
34, 0.001000
35, 0.001000
36, 0.002000
37, 0.002000
38, 0.001000
39, 0.002000
40, 0.002000
41, 0.001000
42, 0.001000
43, 0.002000
44, 0.002000
45, 0.001000
46, 0.002000
47, 0.002000
48, 0.002000
49, 0.002000
50, 0.002000
51, 0.002000
52, 0.003000
53, 0.002000
54, 0.002000
55, 0.002000
56, 0.003000
57, 0.003000
58, 0.002000
59, 0.002000
60, 0.003000
61, 0.003000
62, 0.003000
63, 0.003000
64, 0.003000
65, 0.003000
66, 0.004000
67, 0.003000
68, 0.004000
69, 0.004000
70, 0.004000
71, 0.004000
72, 0.004000
73, 0.005000
74, 0.005000
75, 0.005000
76, 0.005000
77, 0.005000
78, 0.005000
79, 0.005000
80, 0.005000
81, 0.005000
82, 0.005000
83, 0.005000
84, 0.006000
85, 0.005000
86, 0.006000
87, 0.006000
88, 0.006000
89, 0.006000
90, 0.006000
91, 0.007000
92, 0.006000
93, 0.007000
94, 0.007000
95, 0.007000
96, 0.007000
97, 0.008000
98, 0.008000
99, 0.007000
100, 0.008000
101, 0.008000
102, 0.009000
103, 0.008000
104, 0.009000
105, 0.008000
106, 0.009000
107, 0.009000
108, 0.009000
109, 0.011000
110, 0.010000
111, 0.010000
112, 0.010000
113, 0.010000
114, 0.010000
115, 0.011000
116, 0.011000
117, 0.011000
118, 0.011000
119, 0.011000
120, 0.011000
121, 0.011000
122, 0.012000
123, 0.012000
124, 0.012000
125, 0.013000
126, 0.013000
127, 0.013000
128, 0.013000
129, 0.014000
130, 0.014000
131, 0.014000
132, 0.014000
133, 0.014000
134, 0.014000
135, 0.014000
136, 0.014000
137, 0.015000
138, 0.015000
139, 0.016000
140, 0.016000
141, 0.015000
142, 0.016000
143, 0.017000
144, 0.016000
145, 0.017000
146, 0.017000
147, 0.018000
148, 0.018000
149, 0.018000
150, 0.018000
151, 0.018000
152, 0.019000
153, 0.019000
154, 0.019000
155, 0.019000
156, 0.020000
157, 0.020000
158, 0.020000
159, 0.021000
160, 0.021000
161, 0.032000
162, 0.022000
163, 0.022000
164, 0.022000
165, 0.023000
166, 0.023000
167, 0.024000
168, 0.024000
169, 0.023000
170, 0.024000
171, 0.024000
172, 0.025000
173, 0.025000
174, 0.025000
175, 0.026000
176, 0.026000
177, 0.026000
178, 0.026000
179, 0.027000
180, 0.027000
181, 0.028000
182, 0.027000
183, 0.028000
184, 0.028000
185, 0.033000
186, 0.032000
187, 0.031000
188, 0.032000
189, 0.030000
190, 0.030000
191, 0.031000
192, 0.031000
193, 0.032000
194, 0.031000
195, 0.032000
196, 0.033000
197, 0.033000
198, 0.033000
199, 0.033000
200, 0.034000
201, 0.034000
202, 0.034000
203, 0.035000
204, 0.035000
205, 0.036000
206, 0.034000
207, 0.035000
208, 0.036000
209, 0.035000
210, 0.037000
211, 0.037000
212, 0.037000
213, 0.037000
214, 0.037000
215, 0.038000
216, 0.039000
217, 0.039000
218, 0.040000
219, 0.039000
220, 0.040000
221, 0.040000
222, 0.041000
223, 0.041000
224, 0.042000
225, 0.042000
226, 0.042000
227, 0.043000
228, 0.043000
229, 0.047000
230, 0.046000
231, 0.045000
232, 0.048000
233, 0.048000
234, 0.045000
235, 0.046000
236, 0.046000
237, 0.046000
238, 0.046000
239, 0.047000
240, 0.048000
241, 0.048000
242, 0.048000
243, 0.049000
244, 0.049000
245, 0.049000
246, 0.050000
247, 0.051000
248, 0.051000
249, 0.051000
250, 0.052000
251, 0.052000
252, 0.052000
253, 0.052000
254, 0.053000
255, 0.054000
256, 0.056000
257, 0.055000
258, 0.055000
259, 0.055000
260, 0.056000
261, 0.057000
262, 0.057000
263, 0.057000
264, 0.058000
265, 0.059000
266, 0.059000
267, 0.061000
268, 0.063000
269, 0.061000
270, 0.062000
271, 0.062000
272, 0.064000
273, 0.063000
274, 0.063000
275, 0.063000
276, 0.064000
277, 0.064000
278, 0.065000
279, 0.065000
280, 0.066000
281, 0.066000
282, 0.066000
283, 0.067000
284, 0.068000
285, 0.067000
286, 0.068000
287, 0.068000
288, 0.069000
289, 0.070000
290, 0.070000
291, 0.071000
292, 0.071000
293, 0.072000
294, 0.073000
295, 0.073000
296, 0.074000
297, 0.073000
298, 0.075000
299, 0.075000
300, 0.075000
301, 0.075000
302, 0.076000
303, 0.119000
304, 0.077000
305, 0.078000
306, 0.078000
307, 0.078000
308, 0.079000
309, 0.080000
310, 0.080000
311, 0.081000
312, 0.082000
313, 0.082000
314, 0.082000
315, 0.083000
316, 0.083000
317, 0.084000
318, 0.086000
319, 0.085000
320, 0.087000
321, 0.086000
322, 0.087000
323, 0.087000
324, 0.087000
325, 0.089000
326, 0.089000
327, 0.090000
328, 0.090000
329, 0.091000
330, 0.092000
331, 0.092000
332, 0.092000
333, 0.092000
334, 0.094000
335, 0.094000
336, 0.095000
337, 0.095000
338, 0.097000
339, 0.096000
340, 0.097000
341, 0.098000
342, 0.098000
343, 0.098000
344, 0.099000
345, 0.100000
346, 0.100000
347, 0.101000
348, 0.101000
349, 0.102000
350, 0.102000
351, 0.104000
352, 0.104000
353, 0.104000
354, 0.105000
355, 0.106000
356, 0.107000
357, 0.107000
358, 0.108000
359, 0.108000
360, 0.109000
361, 0.110000
362, 0.110000
363, 0.110000
364, 0.111000
365, 0.112000
366, 0.113000
367, 0.113000
368, 0.113000
369, 0.114000
370, 0.156000
371, 0.116000
372, 0.117000
373, 0.119000
374, 0.117000
375, 0.119000
376, 0.119000
377, 0.120000
378, 0.120000
379, 0.120000
380, 0.121000
381, 0.122000
382, 0.122000
383, 0.123000
384, 0.125000
385, 0.125000
386, 0.125000
387, 0.126000
388, 0.127000
389, 0.128000
390, 0.128000
391, 0.129000
392, 0.129000
393, 0.130000
394, 0.131000
395, 0.131000
396, 0.132000
397, 0.133000
398, 0.135000
399, 0.133000
400, 0.135000
401, 0.136000
402, 0.138000
403, 0.137000
404, 0.138000
405, 0.138000
406, 0.139000
407, 0.139000
408, 0.140000
409, 0.140000
410, 0.141000
411, 0.142000
412, 0.143000
413, 0.144000
414, 0.144000
415, 0.146000
416, 0.146000
417, 0.147000
418, 0.147000
419, 0.148000
420, 0.148000
421, 0.169000
422, 0.150000
423, 0.151000
424, 0.151000
425, 0.152000
426, 0.154000
427, 0.154000
428, 0.154000
429, 0.155000
430, 0.156000
431, 0.156000
432, 0.157000
433, 0.157000
434, 0.158000
435, 0.159000
436, 0.160000
437, 0.161000
438, 0.162000
439, 0.163000
440, 0.163000
441, 0.164000
442, 0.164000
443, 0.165000
444, 0.166000
445, 0.167000
446, 0.167000
447, 0.168000
448, 0.169000
449, 0.170000
450, 0.172000
451, 0.171000
452, 0.173000
453, 0.173000
454, 0.173000
455, 0.174000
456, 0.175000
457, 0.176000
458, 0.177000
459, 0.180000
460, 0.179000
461, 0.187000
462, 0.186000
463, 0.189000
464, 0.184000
465, 0.184000
466, 0.184000
467, 0.185000
468, 0.185000
469, 0.194000
470, 0.193000
471, 0.189000
472, 0.187000
473, 0.189000
474, 0.189000
475, 0.190000
476, 0.194000
477, 0.192000
478, 0.193000
479, 0.197000
480, 0.196000
481, 0.195000
482, 0.196000
483, 0.197000
484, 0.197000
485, 0.198000
486, 0.200000
487, 0.200000
488, 0.205000
489, 0.204000
490, 0.202000
491, 0.205000
492, 0.205000
493, 0.205000
494, 0.207000
495, 0.240000
496, 0.209000
497, 0.213000
498, 0.220000
499, 0.214000
500, 0.214000
501, 0.215000
502, 0.213000
503, 0.215000
504, 0.214000
505, 0.221000
506, 0.222000
507, 0.221000
508, 0.224000
509, 0.224000
510, 0.221000
511, 0.222000
512, 0.222000
513, 0.222000
514, 0.230000
515, 0.233000
516, 0.230000
517, 0.228000
518, 0.228000
519, 0.230000
520, 0.229000
521, 0.232000
522, 0.239000
523, 0.239000
524, 0.235000
525, 0.241000
526, 0.235000
527, 0.236000
528, 0.237000
529, 0.309000
530, 0.264000
531, 0.280000
532, 0.256000
533, 0.293000
534, 0.251000
535, 0.249000
536, 0.245000
537, 0.255000
538, 0.258000
539, 0.248000
540, 0.248000
541, 0.249000
542, 0.249000
543, 0.249000
544, 0.254000
545, 0.259000
546, 0.262000
547, 0.259000
548, 0.259000
549, 0.257000
550, 0.258000
551, 0.257000
552, 0.272000
553, 0.271000
554, 0.261000
555, 0.262000
556, 0.262000
557, 0.262000
558, 0.264000
559, 0.272000
560, 0.272000
561, 0.331000
562, 0.272000
563, 0.271000
564, 0.272000
565, 0.274000
566, 0.285000
567, 0.284000
568, 0.279000
569, 0.282000
570, 0.277000
571, 0.278000
572, 0.288000
573, 0.289000
574, 0.284000
575, 0.285000
576, 0.284000
577, 0.283000
578, 0.284000
579, 0.292000
580, 0.296000
581, 0.290000
582, 0.289000
583, 0.290000
584, 0.289000
585, 0.299000
586, 0.299000
587, 0.299000
588, 0.305000
589, 0.297000
590, 0.313000
591, 0.325000
592, 0.310000
593, 0.311000
594, 0.304000
595, 0.303000
596, 0.302000
597, 0.311000
598, 0.320000
599, 0.310000
600, 0.313000
601, 0.307000
602, 0.308000
603, 0.311000
604, 0.318000
605, 0.362000
606, 0.332000
607, 0.332000
608, 0.327000
609, 0.332000
610, 0.339000
611, 0.329000
612, 0.331000
613, 0.336000
614, 0.340000
615, 0.337000
616, 0.345000
617, 0.337000
618, 0.338000
619, 0.345000
620, 0.346000
621, 0.352000
622, 1.273000
623, 0.350000
624, 0.403000
625, 0.350000
626, 0.421000
627, 0.359000
628, 0.357000
629, 0.350000
630, 0.360000
631, 0.353000
632, 0.354000
633, 0.355000
634, 0.352000
635, 0.352000
636, 0.351000
637, 0.357000
638, 0.440000
639, 0.363000
640, 0.368000
641, 0.369000
642, 0.364000
643, 0.375000
644, 0.368000
645, 0.553000
646, 0.369000
647, 0.399000
648, 0.394000
649, 0.405000
650, 0.371000
651, 0.396000
652, 1.869000
653, 0.422000
654, 0.423000
655, 0.400000
656, 0.447000
657, 1.620000
658, 0.396000
659, 0.396000
660, 0.383000
661, 0.392000
662, 0.428000
663, 0.403000
664, 0.468000
665, 0.399000
666, 0.485000
667, 0.421000
668, 0.408000
669, 0.408000
670, 0.392000
671, 0.394000
672, 0.389000
673, 0.415000
674, 0.399000
675, 0.401000
676, 0.393000
677, 0.406000
678, 0.419000
679, 0.414000
680, 0.401000
681, 0.411000
682, 0.403000
683, 0.429000
684, 0.444000
685, 0.413000
686, 0.412000
687, 0.454000
688, 0.425000
689, 0.414000
690, 0.416000
691, 0.419000
692, 0.414000
693, 0.505000
694, 0.429000
695, 0.428000
696, 0.424000
697, 0.577000
698, 0.526000
699, 0.430000
700, 0.429000
701, 0.519000
702, 0.438000
703, 0.444000
704, 0.445000
705, 0.441000
706, 0.433000
707, 0.458000
708, 0.441000
709, 0.442000
710, 0.435000
711, 0.438000
712, 0.456000
713, 0.463000
714, 0.442000
715, 0.447000
716, 0.469000
717, 0.456000
718, 0.458000
719, 0.449000
720, 0.453000
721, 0.474000
722, 0.469000
723, 0.578000
724, 0.456000
725, 0.479000
726, 0.512000
727, 0.519000
728, 0.511000
729, 0.482000
730, 0.492000
731, 0.543000
732, 0.470000
733, 0.496000
734, 0.490000
735, 0.480000
736, 0.484000
737, 1.195000
738, 0.497000
739, 0.493000
740, 0.481000
741, 0.503000
742, 0.496000
743, 0.582000
744, 0.533000
745, 0.669000
746, 0.508000
747, 0.518000
748, 0.600000
749, 0.510000
750, 0.524000
751, 0.621000
752, 0.492000
753, 0.515000
754, 0.508000
755, 0.510000
756, 0.501000
757, 0.525000
758, 0.522000
759, 0.503000
760, 0.509000
761, 0.688000
762, 0.547000
763, 0.624000
764, 0.560000
765, 0.540000
766, 0.559000
767, 0.559000
768, 0.537000
769, 0.559000
770, 0.592000
771, 0.730000
772, 0.962000
773, 0.681000
774, 0.562000
775, 0.702000
776, 0.611000
777, 0.873000
778, 0.575000
779, 0.567000
780, 0.725000
781, 0.554000
782, 0.569000
783, 0.538000
784, 0.547000
785, 0.552000
786, 0.560000
787, 0.553000
788, 0.550000
789, 0.557000
790, 0.548000
791, 0.554000
792, 0.583000
793, 0.681000
794, 0.579000
795, 0.558000
796, 0.566000
797, 0.600000
798, 0.560000
799, 0.580000
800, 0.574000
801, 0.571000
802, 0.566000
803, 0.577000
804, 0.583000
805, 0.568000
806, 0.585000
807, 0.586000
808, 0.581000
809, 0.675000
810, 0.588000
811, 0.591000
812, 0.585000
813, 0.599000
814, 0.592000
815, 0.591000
816, 0.590000
817, 0.619000
818, 0.599000
819, 0.597000
820, 0.712000
821, 0.601000
822, 0.596000
823, 0.617000
824, 0.603000
825, 0.596000
826, 0.621000
827, 0.620000
828, 0.609000
829, 0.599000
830, 0.621000
831, 0.675000
832, 0.686000
833, 0.655000
834, 0.701000
835, 0.623000
836, 0.642000
837, 0.630000
838, 0.609000
839, 0.627000
840, 0.619000
841, 0.629000
842, 0.615000
843, 0.742000
844, 0.650000
845, 0.649000
846, 0.639000
847, 0.642000
848, 0.641000
849, 0.650000
850, 0.647000
851, 0.652000
852, 0.648000
853, 0.641000
854, 0.663000
855, 0.646000
856, 0.662000
857, 0.688000
858, 0.657000
859, 0.666000
860, 0.659000
861, 0.774000
862, 0.668000
863, 0.933000
864, 0.745000
865, 0.662000
866, 0.673000
867, 0.677000
868, 0.725000
869, 1.019000
870, 0.750000
871, 0.765000
872, 0.676000
873, 0.770000
874, 0.695000
875, 0.781000
876, 0.706000
877, 0.776000
878, 0.702000
879, 0.696000
880, 0.697000
881, 0.699000
882, 0.700000
883, 0.697000
884, 0.713000
885, 0.967000
886, 0.712000
887, 0.723000
888, 0.763000
889, 0.729000
890, 0.706000
891, 0.736000
892, 0.740000
893, 0.733000
894, 1.840000
895, 1.673000
896, 0.718000
897, 0.773000
898, 0.721000
899, 0.736000
900, 0.742000
901, 0.755000
902, 0.838000
903, 0.808000
904, 0.759000
905, 0.783000
906, 2.351000
907, 0.788000
908, 1.269000
909, 0.845000
910, 0.811000
911, 1.118000
912, 1.070000
913, 0.947000
914, 0.803000
915, 0.817000
916, 0.779000
917, 0.769000
918, 0.771000
919, 0.765000
920, 0.777000
921, 0.758000
922, 0.805000
923, 0.836000
924, 0.798000
925, 0.770000
926, 0.763000
927, 0.774000
928, 0.782000
929, 0.790000
930, 0.799000
931, 0.839000
932, 0.788000
933, 0.917000
934, 0.833000
935, 0.810000
936, 2.245000
937, 0.913000
938, 0.827000
939, 0.839000
940, 0.844000
941, 0.863000
942, 0.987000
943, 0.834000
944, 0.837000
945, 0.843000
946, 0.838000
947, 0.867000
948, 0.835000
949, 0.857000
950, 0.889000
951, 0.840000
952, 1.041000
953, 0.867000
954, 0.853000
955, 0.891000
956, 0.836000
957, 0.870000
958, 0.832000
959, 0.851000
960, 0.866000
961, 0.878000
962, 0.876000
963, 0.882000
964, 0.998000
965, 0.885000
966, 0.940000
967, 0.904000
968, 0.857000
969, 0.856000
970, 0.902000
971, 0.870000
972, 0.885000
973, 0.880000
974, 0.912000
975, 0.875000
976, 0.872000
977, 0.922000
978, 0.886000
979, 0.887000
980, 0.944000
981, 0.894000
982, 0.903000
983, 0.879000
984, 0.925000
985, 0.910000
986, 0.923000
987, 0.914000
988, 0.940000
989, 0.922000
990, 0.887000
991, 0.941000
992, 0.923000
993, 0.944000
994, 0.923000
995, 0.933000
996, 0.931000
997, 0.910000
998, 0.940000
999, 0.907000
3, 0.004000
4, 0.000000
5, 0.000000
6, 0.000000
7, 0.000000
8, 0.000000
9, 0.001000
10, 0.000000
11, 0.001000
12, 0.001000
13, 0.001000
14, 0.001000
15, 0.000000
16, 0.001000
17, 0.001000
18, 0.000000
19, 0.000000
20, 0.001000
21, 0.001000
22, 0.000000
23, 0.000000
24, 0.001000
25, 0.001000
26, 0.001000
27, 0.001000
28, 0.000000
29, 0.001000
30, 0.001000
31, 0.001000
32, 0.001000
33, 0.001000
34, 0.001000
35, 0.001000
36, 0.001000
37, 0.001000
38, 0.002000
39, 0.001000
40, 0.001000
41, 0.002000
42, 0.002000
43, 0.001000
44, 0.001000
45, 0.002000
46, 0.002000
47, 0.002000
48, 0.001000
49, 0.002000
50, 0.002000
51, 0.002000
52, 0.003000
53, 0.002000
54, 0.002000
55, 0.002000
56, 0.002000
57, 0.003000
58, 0.003000
59, 0.003000
60, 0.003000
61, 0.003000
62, 0.003000
63, 0.003000
64, 0.004000
65, 0.003000
66, 0.003000
67, 0.004000
68, 0.004000
69, 0.004000
70, 0.004000
71, 0.004000
72, 0.004000
73, 0.004000
74, 0.004000
75, 0.004000
76, 0.004000
77, 0.005000
78, 0.005000
79, 0.005000
80, 0.005000
81, 0.006000
82, 0.005000
83, 0.005000
84, 0.005000
85, 0.006000
86, 0.006000
87, 0.006000
88, 0.006000
89, 0.007000
90, 0.006000
91, 0.007000
92, 0.006000
93, 0.007000
94, 0.007000
95, 0.007000
96, 0.008000
97, 0.007000
98, 0.008000
99, 0.008000
100, 0.008000
101, 0.009000
102, 0.008000
103, 0.008000
104, 0.009000
105, 0.008000
106, 0.009000
107, 0.009000
108, 0.009000
109, 0.010000
110, 0.009000
111, 0.009000
112, 0.010000
113, 0.010000
114, 0.010000
115, 0.010000
116, 0.011000
117, 0.011000
118, 0.011000
119, 0.011000
120, 0.011000
121, 0.011000
122, 0.012000
123, 0.012000
124, 0.012000
125, 0.012000
126, 0.013000
127, 0.013000
128, 0.013000
129, 0.014000
130, 0.014000
131, 0.014000
132, 0.013000
133, 0.015000
134, 0.014000
135, 0.014000
136, 0.015000
137, 0.015000
138, 0.015000
139, 0.016000
140, 0.016000
141, 0.015000
142, 0.016000
143, 0.016000
144, 0.016000
145, 0.017000
146, 0.017000
147, 0.017000
148, 0.018000
149, 0.018000
150, 0.018000
151, 0.018000
152, 0.019000
153, 0.019000
154, 0.020000
155, 0.020000
156, 0.020000
157, 0.020000
158, 0.020000
159, 0.021000
160, 0.021000
161, 0.021000
162, 0.021000
163, 0.022000
164, 0.022000
165, 0.022000
166, 0.022000
167, 0.023000
168, 0.023000
169, 0.024000
170, 0.023000
171, 0.023000
172, 0.024000
173, 0.024000
174, 0.024000
175, 0.025000
176, 0.025000
177, 0.025000
178, 0.026000
179, 0.026000
180, 0.026000
181, 0.027000
182, 0.027000
183, 0.027000
184, 0.028000
185, 0.033000
186, 0.031000
187, 0.030000
188, 0.051000
189, 0.030000
190, 0.029000
191, 0.029000
192, 0.030000
193, 0.030000
194, 0.031000
195, 0.031000
196, 0.032000
197, 0.032000
198, 0.033000
199, 0.034000
200, 0.034000
201, 0.034000
202, 0.035000
203, 0.035000
204, 0.035000
205, 0.035000
206, 0.035000
207, 0.038000
208, 0.037000
209, 0.037000
210, 0.037000
211, 0.037000
212, 0.038000
213, 0.039000
214, 0.038000
215, 0.039000
216, 0.040000
217, 0.040000
218, 0.041000
219, 0.041000
220, 0.041000
221, 0.043000
222, 0.042000
223, 0.044000
224, 0.043000
225, 0.043000
226, 0.043000
227, 0.043000
228, 0.044000
229, 0.048000
230, 0.047000
231, 0.047000
232, 0.047000
233, 0.047000
234, 0.047000
235, 0.047000
236, 0.048000
237, 0.048000
238, 0.048000
239, 0.049000
240, 0.049000
241, 0.049000
242, 0.049000
243, 0.051000
244, 0.051000
245, 0.051000
246, 0.051000
247, 0.052000
248, 0.052000
249, 0.052000
250, 0.054000
251, 0.054000
252, 0.054000
253, 0.054000
254, 0.055000
255, 0.055000
256, 0.056000
257, 0.057000
258, 0.057000
259, 0.057000
260, 0.058000
261, 0.058000
262, 0.059000
263, 0.059000
264, 0.059000
265, 0.063000
266, 0.060000
267, 0.062000
268, 0.066000
269, 0.063000
270, 0.067000
271, 0.065000
272, 0.066000
273, 0.067000
274, 0.065000
275, 0.066000
276, 0.066000
277, 0.067000
278, 0.066000
279, 0.069000
280, 0.068000
281, 0.068000
282, 0.068000
283, 0.069000
284, 0.069000
285, 0.070000
286, 0.070000
287, 0.071000
288, 0.071000
289, 0.071000
290, 0.072000
291, 0.073000
292, 0.073000
293, 0.074000
294, 0.075000
295, 0.074000
296, 0.076000
297, 0.076000
298, 0.077000
299, 0.077000
300, 0.078000
301, 0.078000
302, 0.079000
303, 0.101000
304, 0.079000
305, 0.080000
306, 0.081000
307, 0.081000
308, 0.081000
309, 0.082000
310, 0.083000
311, 0.084000
312, 0.084000
313, 0.084000
314, 0.085000
315, 0.121000
316, 0.084000
317, 0.084000
318, 0.084000
319, 0.087000
320, 0.088000
321, 0.089000
322, 0.088000
323, 0.089000
324, 0.088000
325, 0.088000
326, 0.089000
327, 0.090000
328, 0.090000
329, 0.091000
330, 0.091000
331, 0.092000
332, 0.092000
333, 0.093000
334, 0.093000
335, 0.094000
336, 0.094000
337, 0.095000
338, 0.095000
339, 0.127000
340, 0.097000
341, 0.098000
342, 0.098000
343, 0.098000
344, 0.100000
345, 0.100000
346, 0.100000
347, 0.103000
348, 0.102000
349, 0.102000
350, 0.103000
351, 0.103000
352, 0.114000
353, 0.104000
354, 0.105000
355, 0.105000
356, 0.106000
357, 0.107000
358, 0.108000
359, 0.110000
360, 0.109000
361, 0.110000
362, 0.110000
363, 0.110000
364, 0.111000
365, 0.112000
366, 0.112000
367, 0.112000
368, 0.113000
369, 0.114000
370, 0.115000
371, 0.115000
372, 0.116000
373, 0.119000
374, 0.118000
375, 0.119000
376, 0.119000
377, 0.119000
378, 0.121000
379, 0.122000
380, 0.121000
381, 0.122000
382, 0.123000
383, 0.123000
384, 0.123000
385, 0.140000
386, 0.140000
387, 0.145000
388, 0.138000
389, 0.139000
390, 0.141000
391, 0.136000
392, 0.137000
393, 0.136000
394, 0.137000
395, 0.137000
396, 0.133000
397, 0.133000
398, 0.133000
399, 0.133000
400, 0.135000
401, 0.135000
402, 0.139000
403, 0.139000
404, 0.139000
405, 0.139000
406, 0.138000
407, 0.139000
408, 0.140000
409, 0.141000
410, 0.142000
411, 0.142000
412, 0.143000
413, 0.144000
414, 0.144000
415, 0.145000
416, 0.147000
417, 0.147000
418, 0.147000
419, 0.148000
420, 0.149000
421, 0.149000
422, 0.150000
423, 0.150000
424, 0.152000
425, 0.162000
426, 0.157000
427, 0.160000
428, 0.162000
429, 0.162000
430, 0.161000
431, 0.162000
432, 0.162000
433, 0.162000
434, 0.165000
435, 0.164000
436, 0.160000
437, 0.160000
438, 0.162000
439, 0.165000
440, 0.165000
441, 0.164000
442, 0.166000
443, 0.165000
444, 0.166000
445, 0.167000
446, 0.168000
447, 0.169000
448, 0.169000
449, 0.170000
450, 0.179000
451, 0.176000
452, 0.173000
453, 0.178000
454, 0.174000
455, 0.175000
456, 0.176000
457, 0.176000
458, 0.177000
459, 0.178000
460, 0.179000
461, 0.183000
462, 0.182000
463, 0.182000
464, 0.182000
465, 0.185000
466, 0.185000
467, 0.185000
468, 0.184000
469, 0.185000
470, 0.188000
471, 0.191000
472, 0.190000
473, 0.190000
474, 0.246000
475, 0.199000
476, 0.198000
477, 0.195000
478, 0.195000
479, 0.196000
480, 0.207000
481, 0.205000
482, 0.204000
483, 0.201000
484, 0.200000
485, 0.200000
486, 0.200000
487, 0.202000
488, 0.201000
489, 0.206000
490, 0.211000
491, 0.208000
492, 0.205000
493, 0.206000
494, 0.207000
495, 0.207000
496, 0.208000
497, 0.209000
498, 0.212000
499, 0.214000
500, 0.213000
501, 0.217000
502, 0.215000
503, 0.216000
504, 0.215000
505, 0.216000
506, 0.216000
507, 0.226000
508, 0.225000
509, 0.221000
510, 0.595000
511, 0.288000
512, 0.425000
513, 0.301000
514, 0.281000
515, 0.270000
516, 0.246000
517, 0.610000
518, 0.301000
519, 0.239000
520, 0.240000
521, 0.236000
522, 0.239000
523, 0.248000
524, 0.246000
525, 0.236000
526, 0.239000
527, 0.235000
528, 0.236000
529, 0.237000
530, 0.244000
531, 0.250000
532, 0.247000
533, 0.251000
534, 0.244000
535, 0.244000
536, 0.243000
537, 0.244000
538, 0.253000
539, 0.255000
540, 0.251000
541, 0.250000
542, 0.249000
543, 0.249000
544, 0.250000
545, 0.256000
546, 0.259000
547, 0.293000
548, 0.262000
549, 0.260000
550, 0.260000
551, 0.261000
552, 0.263000
553, 0.269000
554, 0.271000
555, 0.278000
556, 0.267000
557, 0.268000
558, 0.265000
559, 0.270000
560, 0.280000
561, 0.276000
562, 0.276000
563, 0.275000
564, 0.273000
565, 0.275000
566, 0.277000
567, 0.282000
568, 0.285000
569, 0.280000
570, 0.308000
571, 0.280000
572, 0.280000
573, 0.296000
574, 0.291000
575, 0.290000
576, 0.293000
577, 0.289000
578, 0.291000
579, 0.334000
580, 0.300000
581, 0.301000
582, 0.294000
583, 0.293000
584, 0.295000
585, 0.293000
586, 0.362000
587, 0.311000
588, 0.309000
589, 0.312000
590, 0.302000
591, 0.307000
592, 0.310000
593, 0.315000
594, 0.312000
595, 0.309000
596, 0.310000
597, 0.308000
598, 0.319000
599, 0.323000
600, 0.313000
601, 0.317000
602, 0.311000
603, 0.317000
604, 0.319000
605, 0.321000
606, 0.316000
607, 0.315000
608, 0.315000
609, 0.315000
610, 0.327000
611, 0.332000
612, 0.323000
613, 0.327000
614, 0.321000
615, 0.326000
616, 0.334000
617, 0.332000
618, 0.331000
619, 0.330000
620, 0.330000
621, 0.336000
622, 0.349000
623, 0.339000
624, 0.341000
625, 0.397000
626, 0.335000
627, 0.344000
628, 0.356000
629, 0.348000
630, 0.343000
631, 0.344000
632, 0.350000
633, 0.372000
634, 0.389000
635, 0.350000
636, 0.354000
637, 0.366000
638, 0.366000
639, 0.357000
640, 0.359000
641, 0.353000
642, 0.355000
643, 0.364000
644, 0.369000
645, 0.362000
646, 0.364000
647, 0.358000
648, 0.387000
649, 0.377000
650, 0.365000
651, 0.373000
652, 0.364000
653, 0.379000
654, 0.378000
655, 0.369000
656, 0.375000
657, 0.406000
658, 0.378000
659, 0.389000
660, 0.376000
661, 0.374000
662, 0.374000
663, 0.387000
664, 0.383000
665, 0.389000
666, 0.379000
667, 0.396000
668, 0.400000
669, 0.394000
670, 0.394000
671, 0.383000
672, 0.386000
673, 0.396000
674, 0.388000
675, 0.401000
676, 0.390000
677, 0.399000
678, 0.405000
679, 0.402000
680, 0.398000
681, 0.399000
682, 0.399000
683, 0.419000
684, 0.410000
685, 0.402000
686, 0.405000
687, 0.414000
688, 0.407000
689, 0.411000
690, 0.408000
691, 0.408000
692, 0.460000
693, 0.417000
694, 0.418000
695, 0.414000
696, 0.429000
697, 0.425000
698, 0.428000
699, 0.431000
700, 0.427000
701, 0.433000
702, 0.436000
703, 0.433000
704, 0.442000
705, 0.439000
706, 0.442000
707, 0.440000
708, 0.434000
709, 0.441000
710, 0.444000
711, 0.453000
712, 0.454000
713, 0.467000
714, 0.483000
715, 0.446000
716, 0.455000
717, 0.438000
718, 0.464000
719, 0.476000
720, 0.458000
721, 0.445000
722, 0.443000
723, 0.463000
724, 0.463000
725, 0.449000
726, 0.449000
727, 0.468000
728, 0.460000
729, 0.456000
730, 0.454000
731, 0.471000
732, 0.463000
733, 0.743000
734, 0.513000
735, 0.470000
736, 0.469000
737, 0.469000
738, 0.465000
739, 0.486000
740, 0.481000
741, 0.482000
742, 0.483000
743, 0.491000
744, 0.487000
745, 0.483000
746, 0.480000
747, 0.495000
748, 0.487000
749, 0.482000
750, 0.487000
751, 0.503000
752, 0.786000
753, 0.498000
754, 0.759000
755, 0.508000
756, 0.500000
757, 0.703000
758, 0.582000
759, 0.574000
760, 0.829000
761, 0.521000
762, 0.509000
763, 0.555000
764, 0.530000
765, 0.503000
766, 0.506000
767, 0.520000
768, 0.524000
769, 0.509000
770, 0.518000
771, 0.526000
772, 0.523000
773, 0.520000
774, 0.528000
775, 0.533000
776, 0.535000
777, 0.534000
778, 0.525000
779, 0.545000
780, 0.546000
781, 0.533000
782, 0.534000
783, 0.546000
784, 0.555000
785, 0.544000
786, 0.544000
787, 0.552000
788, 0.709000
789, 0.547000
790, 0.561000
791, 0.557000
792, 1.005000
793, 0.660000
794, 0.577000
795, 0.562000
796, 0.553000
797, 0.551000
798, 0.565000
799, 0.759000
800, 0.578000
801, 0.582000
802, 0.568000
803, 0.567000
804, 0.562000
805, 0.574000
806, 0.573000
807, 0.595000
808, 0.746000
809, 0.586000
810, 0.575000
811, 0.581000
812, 0.589000
813, 0.593000
814, 0.576000
815, 0.586000
816, 0.591000
817, 0.585000
818, 0.586000
819, 0.601000
820, 0.600000
821, 0.593000
822, 0.605000
823, 0.612000
824, 0.599000
825, 0.597000
826, 0.600000
827, 0.613000
828, 0.609000
829, 0.612000
830, 0.617000
831, 0.608000
832, 0.608000
833, 0.617000
834, 0.610000
835, 0.624000
836, 0.625000
837, 0.630000
838, 0.644000
839, 0.629000
840, 0.641000
841, 0.625000
842, 0.638000
843, 0.646000
844, 0.627000
845, 0.635000
846, 0.662000
847, 0.641000
848, 0.636000
849, 0.650000
850, 0.651000
851, 0.653000
852, 0.662000
853, 0.641000
854, 0.648000
855, 0.667000
856, 0.657000
857, 0.658000
858, 0.678000
859, 0.654000
860, 0.658000
861, 0.663000
862, 0.668000
863, 0.695000
864, 0.673000
865, 0.672000
866, 0.673000
867, 0.691000
868, 0.677000
869, 0.670000
870, 0.680000
871, 0.673000
872, 0.681000
873, 0.682000
874, 0.686000
875, 0.694000
876, 0.679000
877, 0.687000
878, 0.688000
879, 0.702000
880, 0.697000
881, 0.700000
882, 0.908000
883, 0.704000
884, 0.699000
885, 0.733000
886, 0.729000
887, 0.717000
888, 0.768000
889, 0.707000
890, 0.708000
891, 0.740000
892, 0.716000
893, 0.719000
894, 0.749000
895, 0.771000
896, 0.725000
897, 0.739000
898, 0.717000
899, 0.728000
900, 0.744000
901, 0.737000
902, 0.761000
903, 0.745000
904, 0.730000
905, 0.732000
906, 0.753000
907, 0.743000
908, 0.754000
909, 0.751000
910, 0.749000
911, 0.749000
912, 0.768000
913, 0.773000
914, 0.760000
915, 0.808000
916, 0.769000
917, 0.787000
918, 0.800000
919, 1.015000
920, 0.876000
921, 0.959000
922, 0.869000
923, 0.871000
924, 0.924000
925, 0.875000
926, 0.821000
927, 0.826000
928, 0.814000
929, 0.835000
930, 0.814000
931, 0.818000
932, 0.862000
933, 0.835000
934, 0.806000
935, 0.793000
936, 0.817000
937, 0.807000
938, 0.800000
939, 0.806000
940, 0.831000
941, 0.810000
942, 0.852000
943, 0.812000
944, 0.806000
945, 0.830000
946, 1.071000
947, 0.868000
948, 0.906000
949, 0.888000
950, 0.974000
951, 0.949000
952, 0.965000
953, 0.992000
954, 0.983000
955, 0.841000
956, 0.858000
957, 0.841000
958, 0.849000
959, 0.842000
960, 0.851000
961, 0.852000
962, 0.899000
963, 0.880000
964, 0.851000
965, 0.860000
966, 0.861000
967, 0.853000
968, 0.869000
969, 0.960000
970, 0.895000
971, 0.861000
972, 1.714000
973, 1.892000
974, 1.060000
975, 1.394000
976, 0.867000
977, 0.889000
978, 0.913000
979, 0.866000
980, 0.864000
981, 1.145000
982, 0.870000
983, 0.898000
984, 0.914000
985, 0.888000
986, 0.901000
987, 0.902000
988, 0.892000
989, 0.939000
990, 1.019000
991, 0.934000
992, 0.929000
993, 0.916000
994, 0.922000
995, 1.089000
996, 1.205000
997, 1.210000
998, 0.920000
999, 0.910000
3, 0.004000
4, 0.001000
5, 0.001000
6, 0.000000
7, 0.000000
8, 0.000000
9, 0.001000
10, 0.000000
11, 0.001000
12, 0.000000
13, 0.000000
14, 0.000000
15, 0.000000
16, 0.000000
17, 0.000000
18, 0.001000
19, 0.001000
20, 0.001000
21, 0.000000
22, 0.001000
23, 0.001000
24, 0.001000
25, 0.001000
26, 0.001000
27, 0.001000
28, 0.000000
29, 0.001000
30, 0.001000
31, 0.001000
32, 0.001000
33, 0.001000
34, 0.001000
35, 0.001000
36, 0.001000
37, 0.002000
38, 0.001000
39, 0.002000
40, 0.002000
41, 0.001000
42, 0.001000
43, 0.002000
44, 0.002000
45, 0.002000
46, 0.002000
47, 0.002000
48, 0.002000
49, 0.002000
50, 0.002000
51, 0.002000
52, 0.003000
53, 0.002000
54, 0.002000
55, 0.003000
56, 0.003000
57, 0.003000
58, 0.003000
59, 0.003000
60, 0.003000
61, 0.003000
62, 0.003000
63, 0.003000
64, 0.003000
65, 0.003000
66, 0.004000
67, 0.004000
68, 0.004000
69, 0.004000
70, 0.004000
71, 0.004000
72, 0.005000
73, 0.005000
74, 0.004000
75, 0.005000
76, 0.004000
77, 0.005000
78, 0.004000
79, 0.005000
80, 0.005000
81, 0.005000
82, 0.006000
83, 0.006000
84, 0.006000
85, 0.005000
86, 0.006000
87, 0.006000
88, 0.006000
89, 0.006000
90, 0.006000
91, 0.006000
92, 0.007000
93, 0.007000
94, 0.007000
95, 0.007000
96, 0.007000
97, 0.007000
98, 0.008000
99, 0.008000
100, 0.008000
101, 0.008000
102, 0.008000
103, 0.008000
104, 0.009000
105, 0.008000
106, 0.009000
107, 0.009000
108, 0.009000
109, 0.010000
110, 0.009000
111, 0.009000
112, 0.010000
113, 0.010000
114, 0.011000
115, 0.010000
116, 0.011000
117, 0.011000
118, 0.011000
119, 0.011000
120, 0.011000
121, 0.011000
122, 0.012000
123, 0.012000
124, 0.012000
125, 0.013000
126, 0.012000
127, 0.013000
128, 0.013000
129, 0.014000
130, 0.013000
131, 0.014000
132, 0.014000
133, 0.014000
134, 0.014000
135, 0.014000
136, 0.015000
137, 0.015000
138, 0.015000
139, 0.015000
140, 0.016000
141, 0.016000
142, 0.016000
143, 0.016000
144, 0.017000
145, 0.017000
146, 0.017000
147, 0.017000
148, 0.018000
149, 0.019000
150, 0.018000
151, 0.018000
152, 0.019000
153, 0.019000
154, 0.019000
155, 0.020000
156, 0.020000
157, 0.020000
158, 0.020000
159, 0.021000
160, 0.020000
161, 0.021000
162, 0.021000
163, 0.022000
164, 0.022000
165, 0.022000
166, 0.022000
167, 0.023000
168, 0.023000
169, 0.024000
170, 0.023000
171, 0.023000
172, 0.023000
173, 0.024000
174, 0.025000
175, 0.024000
176, 0.025000
177, 0.025000
178, 0.026000
179, 0.026000
180, 0.026000
181, 0.027000
182, 0.027000
183, 0.027000
184, 0.027000
185, 0.028000
186, 0.028000
187, 0.029000
188, 0.029000
189, 0.029000
190, 0.030000
191, 0.030000
192, 0.030000
193, 0.031000
194, 0.031000
195, 0.031000
196, 0.032000
197, 0.032000
198, 0.032000
199, 0.032000
200, 0.033000
201, 0.034000
202, 0.033000
203, 0.034000
204, 0.034000
205, 0.034000
206, 0.034000
207, 0.035000
208, 0.036000
209, 0.035000
210, 0.036000
211, 0.036000
212, 0.037000
213, 0.038000
214, 0.037000
215, 0.038000
216, 0.038000
217, 0.039000
218, 0.039000
219, 0.040000
220, 0.040000
221, 0.040000
222, 0.040000
223, 0.040000
224, 0.042000
225, 0.042000
226, 0.042000
227, 0.042000
228, 0.043000
229, 0.043000
230, 0.046000
231, 0.044000
232, 0.045000
233, 0.045000
234, 0.047000
235, 0.045000
236, 0.046000
237, 0.046000
238, 0.047000
239, 0.047000
240, 0.048000
241, 0.048000
242, 0.049000
243, 0.049000
244, 0.049000
245, 0.049000
246, 0.050000
247, 0.051000
248, 0.051000
249, 0.052000
250, 0.051000
251, 0.052000
252, 0.052000
253, 0.052000
254, 0.054000
255, 0.054000
256, 0.055000
257, 0.055000
258, 0.055000
259, 0.056000
260, 0.056000
261, 0.057000
262, 0.057000
263, 0.079000
264, 0.058000
265, 0.059000
266, 0.059000
267, 0.060000
268, 0.060000
269, 0.060000
270, 0.060000
271, 0.061000
272, 0.061000
273, 0.062000
274, 0.063000
275, 0.063000
276, 0.063000
277, 0.064000
278, 0.065000
279, 0.065000
280, 0.066000
281, 0.066000
282, 0.067000
283, 0.067000
284, 0.067000
285, 0.067000
286, 0.068000
287, 0.069000
288, 0.070000
289, 0.069000
290, 0.070000
291, 0.070000
292, 0.071000
293, 0.071000
294, 0.072000
295, 0.073000
296, 0.073000
297, 0.074000
298, 0.074000
299, 0.075000
300, 0.075000
301, 0.076000
302, 0.076000
303, 0.098000
304, 0.077000
305, 0.078000
306, 0.079000
307, 0.079000
308, 0.080000
309, 0.080000
310, 0.081000
311, 0.080000
312, 0.081000
313, 0.082000
314, 0.082000
315, 0.083000
316, 0.084000
317, 0.084000
318, 0.084000
319, 0.085000
320, 0.085000
321, 0.087000
322, 0.086000
323, 0.088000
324, 0.088000
325, 0.089000
326, 0.089000
327, 0.091000
328, 0.092000
329, 0.090000
330, 0.091000
331, 0.092000
332, 0.092000
333, 0.093000
334, 0.093000
335, 0.094000
336, 0.094000
337, 0.100000
338, 0.099000
339, 0.100000
340, 0.099000
341, 0.100000
342, 0.102000
343, 0.102000
344, 0.099000
345, 0.100000
346, 0.101000
347, 0.101000
348, 0.102000
349, 0.146000
350, 0.102000
351, 0.103000
352, 0.104000
353, 0.104000
354, 0.105000
355, 0.105000
356, 0.106000
357, 0.107000
358, 0.108000
359, 0.108000
360, 0.108000
361, 0.110000
362, 0.110000
363, 0.110000
364, 0.111000
365, 0.112000
366, 0.112000
367, 0.113000
368, 0.113000
369, 0.147000
370, 0.115000
371, 0.115000
372, 0.118000
373, 0.117000
374, 0.118000
375, 0.118000
376, 0.118000
377, 0.119000
378, 0.120000
379, 0.121000
380, 0.122000
381, 0.123000
382, 0.122000
383, 0.123000
384, 0.124000
385, 0.125000
386, 0.125000
387, 0.126000
388, 0.127000
389, 0.127000
390, 0.128000
391, 0.128000
392, 0.129000
393, 0.130000
394, 0.130000
395, 0.131000
396, 0.131000
397, 0.133000
398, 0.133000
399, 0.134000
400, 0.135000
401, 0.137000
402, 0.136000
403, 0.136000
404, 0.137000
405, 0.138000
406, 0.139000
407, 0.139000
408, 0.140000
409, 0.141000
410, 0.142000
411, 0.143000
412, 0.143000
413, 0.143000
414, 0.144000
415, 0.144000
416, 0.147000
417, 0.146000
418, 0.147000
419, 0.148000
420, 0.148000
421, 0.149000
422, 0.151000
423, 0.150000
424, 0.151000
425, 0.152000
426, 0.152000
427, 0.153000
428, 0.154000
429, 0.154000
430, 0.155000
431, 0.156000
432, 0.157000
433, 0.158000
434, 0.159000
435, 0.160000
436, 0.186000
437, 0.164000
438, 0.161000
439, 0.162000
440, 0.163000
441, 0.165000
442, 0.164000
443, 0.165000
444, 0.167000
445, 0.167000
446, 0.167000
447, 0.168000
448, 0.168000
449, 0.171000
450, 0.170000
451, 0.171000
452, 0.173000
453, 0.173000
454, 0.187000
455, 0.179000
456, 0.175000
457, 0.176000
458, 0.177000
459, 0.177000
460, 0.178000
461, 0.179000
462, 0.185000
463, 0.182000
464, 0.182000
465, 0.183000
466, 0.183000
467, 0.184000
468, 0.185000
469, 0.185000
470, 0.186000
471, 0.186000
472, 0.188000
473, 0.189000
474, 0.192000
475, 0.190000
476, 0.191000
477, 0.192000
478, 0.192000
479, 0.193000
480, 0.194000
481, 0.195000
482, 0.198000
483, 0.197000
484, 0.199000
485, 0.198000
486, 0.199000
487, 0.200000
488, 0.201000
489, 0.202000
490, 0.202000
491, 0.208000
492, 0.204000
493, 0.205000
494, 0.208000
495, 0.207000
496, 0.207000
497, 0.208000
498, 0.210000
499, 0.210000
500, 0.213000
501, 0.212000
502, 0.215000
503, 0.214000
504, 0.214000
505, 0.215000
506, 0.216000
507, 0.217000
508, 0.220000
509, 0.220000
510, 0.219000
511, 0.223000
512, 0.221000
513, 0.223000
514, 0.223000
515, 0.224000
516, 0.225000
517, 0.227000
518, 0.227000
519, 0.228000
520, 0.228000
521, 0.229000
522, 0.230000
523, 0.232000
524, 0.233000
525, 0.236000
526, 0.234000
527, 0.237000
528, 0.235000
529, 0.236000
530, 0.237000
531, 0.238000
532, 0.240000
533, 0.241000
534, 0.243000
535, 0.242000
536, 0.243000
537, 0.243000
538, 0.244000
539, 0.246000
540, 0.251000
541, 0.248000
542, 0.250000
543, 0.249000
544, 0.277000
545, 0.251000
546, 0.253000
547, 0.259000
548, 0.255000
549, 0.263000
550, 0.255000
551, 0.257000
552, 0.257000
553, 0.258000
554, 0.261000
555, 0.261000
556, 0.266000
557, 0.262000
558, 0.263000
559, 0.264000
560, 0.265000
561, 0.270000
562, 0.268000
563, 0.274000
564, 0.282000
565, 0.270000
566, 0.271000
567, 0.272000
568, 0.281000
569, 0.274000
570, 0.278000
571, 0.276000
572, 0.276000
573, 0.278000
574, 0.283000
575, 0.284000
576, 0.282000
577, 0.285000
578, 0.282000
579, 0.283000
580, 0.286000
581, 0.296000
582, 0.286000
583, 0.309000
584, 0.290000
585, 0.291000
586, 0.293000
587, 0.299000
588, 0.301000
589, 0.298000
590, 0.296000
591, 0.295000
592, 0.297000
593, 0.302000
594, 0.306000
595, 0.307000
596, 0.303000
597, 0.303000
598, 0.303000
599, 0.327000
600, 0.317000
601, 0.309000
602, 0.310000
603, 0.308000
604, 0.309000
605, 0.311000
606, 0.320000
607, 0.316000
608, 0.315000
609, 0.314000
610, 0.318000
611, 0.319000
612, 0.328000
613, 0.321000
614, 0.320000
615, 0.320000
616, 0.322000
617, 0.326000
618, 0.326000
619, 0.334000
620, 0.327000
621, 0.327000
622, 0.328000
623, 0.343000
624, 0.336000
625, 0.333000
626, 0.335000
627, 0.333000
628, 0.342000
629, 0.344000
630, 0.346000
631, 0.338000
632, 0.339000
633, 0.339000
634, 0.356000
635, 0.346000
636, 0.345000
637, 0.344000
638, 0.346000
639, 0.360000
640, 0.348000
641, 0.359000
642, 0.350000
643, 0.350000
644, 0.361000
645, 0.360000
646, 0.367000
647, 0.356000
648, 0.356000
649, 0.358000
650, 0.427000
651, 0.370000
652, 0.363000
653, 0.364000
654, 0.365000
655, 0.377000
656, 0.375000
657, 0.371000
658, 0.371000
659, 0.371000
660, 0.390000
661, 0.376000
662, 0.376000
663, 0.376000
664, 0.381000
665, 0.392000
666, 0.390000
667, 0.379000
668, 0.382000
669, 0.384000
670, 0.399000
671, 0.395000
672, 0.385000
673, 0.386000
674, 0.398000
675, 0.415000
676, 0.404000
677, 0.390000
678, 0.397000
679, 0.405000
680, 0.402000
681, 0.400000
682, 0.397000
683, 0.400000
684, 0.418000
685, 0.406000
686, 0.407000
687, 0.403000
688, 0.421000
689, 0.409000
690, 0.413000
691, 0.408000
692, 0.408000
693, 0.429000
694, 0.418000
695, 0.414000
696, 0.416000
697, 0.431000
698, 0.420000
699, 0.433000
700, 0.418000
701, 0.421000
702, 0.444000
703, 0.431000
704, 0.423000
705, 0.426000
706, 0.439000
707, 0.428000
708, 0.436000
709, 0.433000
710, 0.448000
711, 0.450000
712, 0.441000
713, 0.441000
714, 0.437000
715, 0.453000
716, 0.462000
717, 0.441000
718, 0.486000
719, 0.459000
720, 0.454000
721, 0.451000
722, 0.445000
723, 0.463000
724, 0.463000
725, 0.454000
726, 0.449000
727, 0.458000
728, 0.463000
729, 0.472000
730, 0.456000
731, 0.456000
732, 0.475000
733, 0.478000
734, 0.459000
735, 0.462000
736, 0.479000
737, 0.481000
738, 0.465000
739, 0.470000
740, 0.487000
741, 0.482000
742, 0.473000
743, 0.472000
744, 0.489000
745, 0.498000
746, 0.477000
747, 0.479000
748, 0.498000
749, 0.503000
750, 0.485000
751, 0.487000
752, 0.498000
753, 0.506000
754, 0.486000
755, 0.487000
756, 0.505000
757, 0.504000
758, 0.495000
759, 0.498000
760, 0.510000
761, 0.530000
762, 0.508000
763, 0.513000
764, 0.509000
765, 0.502000
766, 0.511000
767, 0.522000
768, 0.508000
769, 0.515000
770, 0.520000
771, 0.527000
772, 0.516000
773, 0.513000
774, 0.530000
775, 0.533000
776, 0.516000
777, 0.520000
778, 0.566000
779, 0.536000
780, 0.523000
781, 0.529000
782, 0.537000
783, 0.540000
784, 0.533000
785, 0.533000
786, 0.544000
787, 0.553000
788, 0.538000
789, 0.539000
790, 0.554000
791, 0.552000
792, 0.539000
793, 0.553000
794, 0.556000
795, 0.560000
796, 0.556000
797, 0.565000
798, 0.563000
799, 0.554000
800, 0.568000
801, 0.562000
802, 0.563000
803, 0.564000
804, 0.579000
805, 0.616000
806, 0.580000
807, 0.578000
808, 0.577000
809, 0.572000
810, 0.583000
811, 0.584000
812, 0.589000
813, 0.576000
814, 0.596000
815, 0.590000
816, 0.583000
817, 0.585000
818, 0.596000
819, 0.594000
820, 0.595000
821, 0.603000
822, 0.615000
823, 0.590000
824, 0.595000
825, 0.610000
826, 0.611000
827, 0.598000
828, 0.611000
829, 0.620000
830, 0.610000
831, 0.611000
832, 0.614000
833, 0.609000
834, 0.619000
835, 0.632000
836, 0.629000
837, 0.618000
838, 0.619000
839, 0.644000
840, 0.620000
841, 0.625000
842, 0.640000
843, 0.639000
844, 0.646000
845, 0.641000
846, 0.631000
847, 0.644000
848, 0.655000
849, 0.644000
850, 0.639000
851, 0.650000
852, 0.653000
853, 0.656000
854, 0.668000
855, 0.644000
856, 0.653000
857, 0.669000
858, 0.660000
859, 0.672000
860, 0.670000
861, 0.656000
862, 0.659000
863, 0.683000
864, 0.672000
865, 0.676000
866, 0.692000
867, 0.671000
868, 0.671000
869, 0.680000
870, 0.679000
871, 0.688000
872, 0.685000
873, 0.676000
874, 0.682000
875, 0.706000
876, 0.691000
877, 0.698000
878, 0.703000
879, 0.689000
880, 0.696000
881, 0.708000
882, 0.713000
883, 0.708000
884, 0.709000
885, 0.698000
886, 0.702000
887, 0.735000
888, 0.750000
889, 0.714000
890, 0.739000
891, 0.716000
892, 0.712000
893, 0.738000
894, 0.712000
895, 0.727000
896, 0.755000
897, 0.725000
898, 0.730000
899, 0.803000
900, 0.725000
901, 0.730000
902, 0.757000
903, 0.729000
904, 0.735000
905, 0.762000
906, 0.752000
907, 0.744000
908, 0.804000
909, 0.741000
910, 0.743000
911, 0.776000
912, 0.747000
913, 0.748000
914, 0.789000
915, 0.789000
916, 0.757000
917, 0.800000
918, 0.798000
919, 0.768000
920, 0.789000
921, 0.792000
922, 0.805000
923, 0.808000
924, 0.780000
925, 0.810000
926, 0.780000
927, 0.784000
928, 0.858000
929, 0.808000
930, 0.795000
931, 0.821000
932, 0.801000
933, 0.828000
934, 0.811000
935, 0.793000
936, 0.821000
937, 0.821000
938, 0.799000
939, 0.829000
940, 0.803000
941, 0.892000
942, 0.821000
943, 0.800000
944, 0.844000
945, 0.848000
946, 0.820000
947, 0.861000
948, 0.822000
949, 0.855000
950, 0.839000
951, 0.818000
952, 0.862000
953, 0.866000
954, 0.840000
955, 0.858000
956, 0.839000
957, 0.875000
958, 0.853000
959, 0.840000
960, 0.880000
961, 0.869000
962, 0.866000
963, 0.877000
964, 0.844000
965, 0.908000
966, 0.867000
967, 0.902000
968, 0.879000
969, 0.856000
970, 0.906000
971, 0.912000
972, 0.912000
973, 0.939000
974, 0.897000
975, 0.899000
976, 0.868000
977, 0.933000
978, 0.906000
979, 0.973000
980, 0.930000
981, 0.932000
982, 0.938000
983, 0.899000
984, 0.936000
985, 0.918000
986, 0.962000
987, 0.932000
988, 0.948000
989, 0.934000
990, 0.898000
991, 0.971000
992, 0.919000
993, 0.988000
994, 0.968000
995, 0.989000
996, 0.965000
997, 0.922000
998, 1.002000
999, 0.958000
3, 0.004000
4, 0.000000
5, 0.000000
6, 0.000000
7, 0.000000
8, 0.000000
9, 0.000000
10, 0.000000
11, 0.000000
12, 0.000000
13, 0.000000
14, 0.000000
15, 0.001000
16, 0.000000
17, 0.000000
18, 0.001000
19, 0.001000
20, 0.001000
21, 0.000000
22, 0.001000
23, 0.001000
24, 0.001000
25, 0.001000
26, 0.001000
27, 0.000000
28, 0.001000
29, 0.001000
30, 0.001000
31, 0.001000
32, 0.001000
33, 0.001000
34, 0.001000
35, 0.001000
36, 0.002000
37, 0.001000
38, 0.001000
39, 0.002000
40, 0.001000
41, 0.001000
42, 0.002000
43, 0.002000
44, 0.001000
45, 0.002000
46, 0.002000
47, 0.002000
48, 0.002000
49, 0.002000
50, 0.002000
51, 0.002000
52, 0.002000
53, 0.003000
54, 0.003000
55, 0.003000
56, 0.003000
57, 0.003000
58, 0.003000
59, 0.003000
60, 0.002000
61, 0.003000
62, 0.004000
63, 0.003000
64, 0.003000
65, 0.003000
66, 0.004000
67, 0.004000
68, 0.004000
69, 0.004000
70, 0.004000
71, 0.004000
72, 0.004000
73, 0.004000
74, 0.004000
75, 0.004000
76, 0.004000
77, 0.004000
78, 0.005000
79, 0.005000
80, 0.005000
81, 0.005000
82, 0.005000
83, 0.005000
84, 0.005000
85, 0.006000
86, 0.006000
87, 0.006000
88, 0.006000
89, 0.006000
90, 0.006000
91, 0.007000
92, 0.006000
93, 0.007000
94, 0.007000
95, 0.007000
96, 0.007000
97, 0.008000
98, 0.007000
99, 0.008000
100, 0.008000
101, 0.008000
102, 0.008000
103, 0.008000
104, 0.009000
105, 0.008000
106, 0.009000
107, 0.009000
108, 0.010000
109, 0.009000
110, 0.010000
111, 0.009000
112, 0.009000
113, 0.010000
114, 0.010000
115, 0.010000
116, 0.010000
117, 0.011000
118, 0.011000
119, 0.012000
120, 0.011000
121, 0.012000
122, 0.011000
123, 0.012000
124, 0.013000
125, 0.012000
126, 0.013000
127, 0.013000
128, 0.013000
129, 0.013000
130, 0.014000
131, 0.014000
132, 0.014000
133, 0.014000
134, 0.014000
135, 0.015000
136, 0.015000
137, 0.015000
138, 0.016000
139, 0.015000
140, 0.016000
141, 0.016000
142, 0.016000
143, 0.016000
144, 0.016000
145, 0.017000
146, 0.017000
147, 0.017000
148, 0.018000
149, 0.018000
150, 0.018000
151, 0.019000
152, 0.018000
153, 0.018000
154, 0.019000
155, 0.020000
156, 0.019000
157, 0.020000
158, 0.021000
159, 0.020000
160, 0.021000
161, 0.021000
162, 0.021000
163, 0.022000
164, 0.022000
165, 0.022000
166, 0.023000
167, 0.022000
168, 0.023000
169, 0.024000
170, 0.024000
171, 0.024000
172, 0.024000
173, 0.024000
174, 0.024000
175, 0.025000
176, 0.025000
177, 0.026000
178, 0.026000
179, 0.026000
180, 0.027000
181, 0.027000
182, 0.027000
183, 0.027000
184, 0.027000
185, 0.028000
186, 0.029000
187, 0.029000
188, 0.029000
189, 0.029000
190, 0.030000
191, 0.030000
192, 0.030000
193, 0.031000
194, 0.030000
195, 0.032000
196, 0.032000
197, 0.032000
198, 0.032000
199, 0.033000
200, 0.033000
201, 0.033000
202, 0.034000
203, 0.034000
204, 0.034000
205, 0.034000
206, 0.034000
207, 0.035000
208, 0.036000
209, 0.036000
210, 0.036000
211, 0.037000
212, 0.037000
213, 0.037000
214, 0.037000
215, 0.038000
216, 0.038000
217, 0.038000
218, 0.040000
219, 0.039000
220, 0.040000
221, 0.040000
222, 0.041000
223, 0.041000
224, 0.041000
225, 0.042000
226, 0.042000
227, 0.042000
228, 0.043000
229, 0.043000
230, 0.044000
231, 0.044000
232, 0.044000
233, 0.045000
234, 0.045000
235, 0.045000
236, 0.046000
237, 0.047000
238, 0.047000
239, 0.047000
240, 0.047000
241, 0.048000
242, 0.049000
243, 0.049000
244, 0.049000
245, 0.050000
246, 0.050000
247, 0.050000
248, 0.051000
249, 0.051000
250, 0.052000
251, 0.052000
252, 0.052000
253, 0.053000
254, 0.054000
255, 0.054000
256, 0.055000
257, 0.056000
258, 0.055000
259, 0.056000
260, 0.056000
261, 0.056000
262, 0.058000
263, 0.058000
264, 0.058000
265, 0.058000
266, 0.059000
267, 0.059000
268, 0.059000
269, 0.060000
270, 0.060000
271, 0.061000
272, 0.062000
273, 0.062000
274, 0.062000
275, 0.063000
276, 0.064000
277, 0.064000
278, 0.064000
279, 0.065000
280, 0.066000
281, 0.066000
282, 0.066000
283, 0.067000
284, 0.067000
285, 0.067000
286, 0.068000
287, 0.070000
288, 0.070000
289, 0.070000
290, 0.071000
291, 0.070000
292, 0.072000
293, 0.072000
294, 0.072000
295, 0.073000
296, 0.073000
297, 0.074000
298, 0.074000
299, 0.075000
300, 0.075000
301, 0.076000
302, 0.076000
303, 0.099000
304, 0.077000
305, 0.078000
306, 0.079000
307, 0.079000
308, 0.079000
309, 0.079000
310, 0.080000
311, 0.081000
312, 0.081000
313, 0.082000
314, 0.082000
315, 0.083000
316, 0.083000
317, 0.084000
318, 0.084000
319, 0.085000
320, 0.085000
321, 0.086000
322, 0.087000
323, 0.088000
324, 0.087000
325, 0.088000
326, 0.089000
327, 0.090000
328, 0.090000
329, 0.091000
330, 0.091000
331, 0.092000
332, 0.093000
333, 0.093000
334, 0.093000
335, 0.094000
336, 0.095000
337, 0.095000
338, 0.096000
339, 0.097000
340, 0.097000
341, 0.098000
342, 0.098000
343, 0.099000
344, 0.100000
345, 0.099000
346, 0.100000
347, 0.100000
348, 0.101000
349, 0.102000
350, 0.103000
351, 0.103000
352, 0.104000
353, 0.104000
354, 0.105000
355, 0.105000
356, 0.107000
357, 0.106000
358, 0.107000
359, 0.108000
360, 0.108000
361, 0.109000
362, 0.110000
363, 0.110000
364, 0.111000
365, 0.111000
366, 0.112000
367, 0.115000
368, 0.114000
369, 0.114000
370, 0.115000
371, 0.116000
372, 0.116000
373, 0.162000
374, 0.117000
375, 0.118000
376, 0.119000
377, 0.120000
378, 0.120000
379, 0.123000
380, 0.121000
381, 0.122000
382, 0.122000
383, 0.123000
384, 0.123000
385, 0.125000
386, 0.125000
387, 0.125000
388, 0.127000
389, 0.127000
390, 0.128000
391, 0.131000
392, 0.129000
393, 0.129000
394, 0.130000
395, 0.131000
396, 0.132000
397, 0.133000
398, 0.133000
399, 0.134000
400, 0.136000
401, 0.137000
402, 0.136000
403, 0.136000
404, 0.137000
405, 0.139000
406, 0.138000
407, 0.139000
408, 0.140000
409, 0.140000
410, 0.141000
411, 0.142000
412, 0.143000
413, 0.143000
414, 0.144000
415, 0.145000
416, 0.145000
417, 0.146000
418, 0.148000
419, 0.147000
420, 0.149000
421, 0.149000
422, 0.149000
423, 0.153000
424, 0.151000
425, 0.152000
426, 0.152000
427, 0.154000
428, 0.155000
429, 0.155000
430, 0.156000
431, 0.156000
432, 0.157000
433, 0.158000
434, 0.158000
435, 0.159000
436, 0.160000
437, 0.161000
438, 0.163000
439, 0.162000
440, 0.164000
441, 0.164000
442, 0.164000
443, 0.165000
444, 0.166000
445, 0.166000
446, 0.168000
447, 0.168000
448, 0.169000
449, 0.170000
450, 0.171000
451, 0.172000
452, 0.173000
453, 0.173000
454, 0.174000
455, 0.174000
456, 0.175000
457, 0.177000
458, 0.179000
459, 0.178000
460, 0.181000
461, 0.179000
462, 0.180000
463, 0.181000
464, 0.182000
465, 0.182000
466, 0.183000
467, 0.184000
468, 0.186000
469, 0.187000
470, 0.189000
471, 0.187000
472, 0.188000
473, 0.189000
474, 0.189000
475, 0.190000
476, 0.191000
477, 0.192000
478, 0.193000
479, 0.194000
480, 0.197000
481, 0.195000
482, 0.196000
483, 0.197000
484, 0.197000
485, 0.198000
486, 0.199000
487, 0.200000
488, 0.201000
489, 0.203000
490, 0.202000
491, 0.205000
492, 0.206000
493, 0.231000
494, 0.212000
495, 0.212000
496, 0.210000
497, 0.212000
498, 0.224000
499, 0.220000
500, 0.213000
501, 0.213000
502, 0.213000
503, 0.214000
504, 0.214000
505, 0.215000
506, 0.222000
507, 0.223000
508, 0.221000
509, 0.221000
510, 0.220000
511, 0.221000
512, 0.222000
513, 0.222000
514, 0.226000
515, 0.229000
516, 0.226000
517, 0.227000
518, 0.230000
519, 0.228000
520, 0.228000
521, 0.230000
522, 0.232000
523, 0.238000
524, 0.235000
525, 0.238000
526, 0.239000
527, 0.235000
528, 0.236000
529, 0.238000
530, 0.241000
531, 0.241000
532, 0.243000
533, 0.242000
534, 0.242000
535, 0.242000
536, 0.243000
537, 0.244000
538, 0.253000
539, 0.250000
540, 0.248000
541, 0.249000
542, 0.250000
543, 0.250000
544, 0.250000
545, 0.254000
546, 0.258000
547, 0.260000
548, 0.256000
549, 0.257000
550, 0.258000
551, 0.257000
552, 0.262000
553, 0.269000
554, 0.264000
555, 0.262000
556, 0.264000
557, 0.263000
558, 0.263000
559, 0.276000
560, 0.272000
561, 0.272000
562, 0.269000
563, 0.269000
564, 0.271000
565, 0.270000
566, 0.278000
567, 0.282000
568, 0.280000
569, 0.275000
570, 0.278000
571, 0.277000
572, 0.292000
573, 0.290000
574, 0.286000
575, 0.292000
576, 0.284000
577, 0.283000
578, 0.286000
579, 0.285000
580, 0.292000
581, 0.291000
582, 0.289000
583, 0.290000
584, 0.289000
585, 0.289000
586, 0.290000
587, 0.299000
588, 0.296000
589, 0.299000
590, 0.298000
591, 0.296000
592, 0.297000
593, 0.299000
594, 0.307000
595, 0.306000
596, 0.307000
597, 0.305000
598, 0.305000
599, 0.304000
600, 0.306000
601, 0.315000
602, 0.343000
603, 0.316000
604, 0.340000
605, 0.320000
606, 0.320000
607, 0.319000
608, 0.326000
609, 0.322000
610, 0.327000
611, 0.324000
612, 0.319000
613, 0.322000
614, 0.329000
615, 0.330000
616, 0.331000
617, 0.324000
618, 0.325000
619, 0.347000
620, 0.340000
621, 0.333000
622, 0.333000
623, 0.334000
624, 0.331000
625, 0.332000
626, 0.345000
627, 0.341000
628, 0.339000
629, 0.335000
630, 0.337000
631, 0.337000
632, 0.346000
633, 0.339000
634, 0.341000
635, 0.343000
636, 0.342000
637, 0.344000
638, 0.350000
639, 0.346000
640, 0.348000
641, 0.348000
642, 0.349000
643, 0.351000
644, 0.357000
645, 0.353000
646, 0.358000
647, 0.377000
648, 0.356000
649, 0.358000
650, 0.364000
651, 0.365000
652, 0.360000
653, 0.361000
654, 0.363000
655, 0.373000
656, 0.364000
657, 0.373000
658, 0.367000
659, 0.368000
660, 0.371000
661, 0.378000
662, 0.377000
663, 0.373000
664, 0.375000
665, 0.377000
666, 0.382000
667, 0.385000
668, 0.379000
669, 0.379000
670, 0.384000
671, 0.386000
672, 0.395000
673, 0.384000
674, 0.385000
675, 0.390000
676, 0.394000
677, 0.394000
678, 0.413000
679, 0.392000
680, 0.400000
681, 0.398000
682, 0.473000
683, 0.610000
684, 0.406000
685, 0.401000
686, 0.404000
687, 0.406000
688, 0.450000
689, 0.404000
690, 0.430000
691, 0.413000
692, 0.411000
693, 0.408000
694, 0.410000
695, 0.418000
696, 0.417000
697, 0.420000
698, 0.413000
699, 0.416000
700, 0.425000
701, 0.424000
702, 0.423000
703, 0.419000
704, 0.422000
705, 0.435000
706, 0.425000
707, 0.426000
708, 0.429000
709, 0.429000
710, 0.441000
711, 0.439000
712, 0.432000
713, 0.432000
714, 0.445000
715, 0.440000
716, 0.466000
717, 0.439000
718, 0.440000
719, 0.449000
720, 0.449000
721, 0.443000
722, 0.447000
723, 0.453000
724, 0.453000
725, 0.450000
726, 0.450000
727, 0.457000
728, 0.457000
729, 0.457000
730, 0.479000
731, 0.462000
732, 0.510000
733, 0.466000
734, 0.461000
735, 0.468000
736, 0.470000
737, 0.468000
738, 0.466000
739, 0.468000
740, 0.476000
741, 0.475000
742, 0.471000
743, 0.483000
744, 0.481000
745, 0.488000
746, 0.475000
747, 0.480000
748, 0.560000
749, 0.485000
750, 0.485000
751, 0.490000
752, 0.537000
753, 0.494000
754, 0.487000
755, 0.502000
756, 0.496000
757, 0.494000
758, 0.492000
759, 0.503000
760, 0.501000
761, 0.504000
762, 0.502000
763, 0.521000
764, 0.511000
765, 0.505000
766, 0.512000
767, 0.512000
768, 0.504000
769, 0.525000
770, 0.505000
771, 0.526000
772, 0.510000
773, 0.515000
774, 0.512000
775, 0.517000
776, 0.513000
777, 0.517000
778, 0.517000
779, 0.520000
780, 0.519000
781, 0.532000
782, 0.529000
783, 0.529000
784, 0.526000
785, 0.533000
786, 0.527000
787, 0.533000
788, 0.533000
789, 0.538000
790, 0.539000
791, 0.549000
792, 0.542000
793, 0.540000
794, 0.540000
795, 0.547000
796, 0.547000
797, 0.547000
798, 0.557000
799, 0.555000
800, 0.555000
801, 0.550000
802, 0.558000
803, 0.558000
804, 0.795000
805, 0.585000
806, 0.559000
807, 0.575000
808, 0.566000
809, 0.567000
810, 0.567000
811, 0.572000
812, 0.572000
813, 0.571000
814, 0.580000
815, 0.575000
816, 0.579000
817, 0.591000
818, 0.579000
819, 0.586000
820, 0.589000
821, 0.590000
822, 0.584000
823, 0.626000
824, 0.599000
825, 0.665000
826, 0.601000
827, 0.593000
828, 0.609000
829, 0.598000
830, 0.601000
831, 0.603000
832, 0.602000
833, 0.611000
834, 0.605000
835, 0.624000
836, 0.613000
837, 0.615000
838, 0.614000
839, 0.620000
840, 0.624000
841, 0.621000
842, 0.620000
843, 0.622000
844, 0.627000
845, 0.630000
846, 0.621000
847, 0.628000
848, 0.638000
849, 0.646000
850, 0.637000
851, 0.637000
852, 0.646000
853, 0.665000
854, 0.668000
855, 0.649000
856, 0.648000
857, 0.639000
858, 0.657000
859, 0.646000
860, 0.650000
861, 0.660000
862, 0.656000
863, 0.660000
864, 0.720000
865, 0.662000
866, 0.669000
867, 0.665000
868, 0.671000
869, 0.667000
870, 0.675000
871, 0.674000
872, 0.688000
873, 0.689000
874, 0.677000
875, 0.677000
876, 0.679000
877, 0.690000
878, 0.674000
879, 0.707000
880, 0.685000
881, 0.692000
882, 0.694000
883, 0.703000
884, 0.697000
885, 0.710000
886, 0.704000
887, 0.697000
888, 0.755000
889, 0.701000
890, 0.713000
891, 0.714000
892, 0.721000
893, 0.712000
894, 0.718000
895, 0.741000
896, 0.716000
897, 0.914000
898, 0.737000
899, 0.724000
900, 0.757000
901, 0.743000
902, 0.724000
903, 0.739000
904, 0.728000
905, 0.756000
906, 0.749000
907, 0.749000
908, 0.754000
909, 0.764000
910, 0.761000
911, 0.747000
912, 0.755000
913, 0.762000
914, 0.756000
915, 0.759000
916, 0.754000
917, 0.991000
918, 1.000000
919, 0.994000
920, 0.764000
921, 0.766000
922, 0.780000
923, 0.769000
924, 0.801000
925, 0.774000
926, 0.838000
927, 0.796000
928, 0.774000
929, 0.791000
930, 0.799000
931, 0.806000
932, 0.775000
933, 0.802000
934, 0.809000
935, 0.821000
936, 0.821000
937, 0.795000
938, 0.834000
939, 0.830000
940, 0.797000
941, 0.806000
942, 0.813000
943, 0.826000
944, 0.812000
945, 0.813000
946, 0.824000
947, 0.812000
948, 0.827000
949, 0.828000
950, 0.839000
951, 0.859000
952, 0.824000
953, 0.808000
954, 0.843000
955, 0.837000
956, 0.834000
957, 0.843000
958, 0.857000
959, 0.871000
960, 0.853000
961, 0.877000
962, 0.866000
963, 0.861000
964, 0.882000
965, 0.849000
966, 0.846000
967, 0.868000
968, 0.860000
969, 0.884000
970, 0.865000
971, 0.859000
972, 0.874000
973, 0.872000
974, 0.914000
975, 0.880000
976, 0.876000
977, 0.901000
978, 0.905000
979, 0.922000
980, 0.891000
981, 0.886000
982, 0.905000
983, 0.890000
984, 0.895000
985, 0.897000
986, 0.934000
987, 0.963000
988, 0.888000
989, 0.898000
990, 0.898000
991, 0.936000
992, 0.916000
993, 0.944000
994, 0.920000
995, 0.905000
996, 0.909000
997, 0.910000
998, 0.946000
999, 0.946000
3, 0.005000
4, 0.000000
5, 0.001000
6, 0.000000
7, 0.000000
8, 0.001000
9, 0.000000
10, 0.001000
11, 0.000000
12, 0.000000
13, 0.000000
14, 0.000000
15, 0.000000
16, 0.000000
17, 0.000000
18, 0.001000
19, 0.001000
20, 0.001000
21, 0.000000
22, 0.000000
23, 0.001000
24, 0.001000
25, 0.001000
26, 0.000000
27, 0.001000
28, 0.001000
29, 0.001000
30, 0.000000
31, 0.001000
32, 0.001000
33, 0.001000
34, 0.001000
35, 0.001000
36, 0.001000
37, 0.001000
38, 0.001000
39, 0.001000
40, 0.001000
41, 0.001000
42, 0.002000
43, 0.002000
44, 0.002000
45, 0.002000
46, 0.001000
47, 0.001000
48, 0.002000
49, 0.002000
50, 0.002000
51, 0.002000
52, 0.003000
53, 0.002000
54, 0.003000
55, 0.003000
56, 0.002000
57, 0.002000
58, 0.003000
59, 0.003000
60, 0.002000
61, 0.003000
62, 0.003000
63, 0.003000
64, 0.003000
65, 0.003000
66, 0.004000
67, 0.004000
68, 0.004000
69, 0.003000
70, 0.003000
71, 0.004000
72, 0.005000
73, 0.005000
74, 0.004000
75, 0.005000
76, 0.004000
77, 0.005000
78, 0.005000
79, 0.005000
80, 0.005000
81, 0.005000
82, 0.005000
83, 0.006000
84, 0.005000
85, 0.006000
86, 0.006000
87, 0.006000
88, 0.006000
89, 0.006000
90, 0.007000
91, 0.007000
92, 0.007000
93, 0.006000
94, 0.006000
95, 0.007000
96, 0.007000
97, 0.007000
98, 0.007000
99, 0.008000
100, 0.008000
101, 0.008000
102, 0.008000
103, 0.008000
104, 0.009000
105, 0.009000
106, 0.008000
107, 0.009000
108, 0.010000
109, 0.009000
110, 0.010000
111, 0.010000
112, 0.010000
113, 0.010000
114, 0.010000
115, 0.010000
116, 0.011000
117, 0.011000
118, 0.011000
119, 0.012000
120, 0.012000
121, 0.012000
122, 0.012000
123, 0.012000
124, 0.012000
125, 0.012000
126, 0.013000
127, 0.012000
128, 0.013000
129, 0.013000
130, 0.013000
131, 0.014000
132, 0.014000
133, 0.014000
134, 0.015000
135, 0.015000
136, 0.015000
137, 0.015000
138, 0.015000
139, 0.016000
140, 0.016000
141, 0.016000
142, 0.017000
143, 0.017000
144, 0.017000
145, 0.016000
146, 0.017000
147, 0.018000
148, 0.017000
149, 0.018000
150, 0.018000
151, 0.019000
152, 0.018000
153, 0.019000
154, 0.019000
155, 0.019000
156, 0.020000
157, 0.020000
158, 0.020000
159, 0.020000
160, 0.021000
161, 0.021000
162, 0.022000
163, 0.022000
164, 0.022000
165, 0.022000
166, 0.022000
167, 0.022000
168, 0.023000
169, 0.023000
170, 0.024000
171, 0.023000
172, 0.024000
173, 0.025000
174, 0.024000
175, 0.025000
176, 0.025000
177, 0.025000
178, 0.026000
179, 0.026000
180, 0.026000
181, 0.027000
182, 0.027000
183, 0.028000
184, 0.028000
185, 0.028000
186, 0.028000
187, 0.028000
188, 0.029000
189, 0.030000
190, 0.030000
191, 0.030000
192, 0.031000
193, 0.030000
194, 0.030000
195, 0.031000
196, 0.032000
197, 0.031000
198, 0.032000
199, 0.032000
200, 0.032000
201, 0.034000
202, 0.034000
203, 0.034000
204, 0.034000
205, 0.035000
206, 0.034000
207, 0.035000
208, 0.036000
209, 0.036000
210, 0.036000
211, 0.036000
212, 0.037000
213, 0.037000
214, 0.037000
215, 0.038000
216, 0.038000
217, 0.039000
218, 0.039000
219, 0.059000
220, 0.040000
221, 0.040000
222, 0.041000
223, 0.040000
224, 0.041000
225, 0.042000
226, 0.043000
227, 0.043000
228, 0.043000
229, 0.044000
230, 0.044000
231, 0.044000
232, 0.045000
233, 0.045000
234, 0.045000
235, 0.046000
236, 0.046000
237, 0.046000
238, 0.047000
239, 0.047000
240, 0.047000
241, 0.047000
242, 0.048000
243, 0.049000
244, 0.049000
245, 0.050000
246, 0.050000
247, 0.051000
248, 0.051000
249, 0.051000
250, 0.051000
251, 0.052000
252, 0.053000
253, 0.053000
254, 0.053000
255, 0.054000
256, 0.054000
257, 0.055000
258, 0.056000
259, 0.055000
260, 0.056000
261, 0.056000
262, 0.057000
263, 0.058000
264, 0.058000
265, 0.058000
266, 0.059000
267, 0.059000
268, 0.060000
269, 0.061000
270, 0.072000
271, 0.061000
272, 0.062000
273, 0.062000
274, 0.065000
275, 0.063000
276, 0.064000
277, 0.064000
278, 0.064000
279, 0.064000
280, 0.066000
281, 0.066000
282, 0.067000
283, 0.066000
284, 0.068000
285, 0.067000
286, 0.080000
287, 0.070000
288, 0.069000
289, 0.070000
290, 0.070000
291, 0.071000
292, 0.071000
293, 0.072000
294, 0.072000
295, 0.072000
296, 0.073000
297, 0.074000
298, 0.074000
299, 0.075000
300, 0.075000
301, 0.075000
302, 0.078000
303, 0.098000
304, 0.077000
305, 0.078000
306, 0.078000
307, 0.079000
308, 0.080000
309, 0.080000
310, 0.081000
311, 0.081000
312, 0.082000
313, 0.082000
314, 0.082000
315, 0.083000
316, 0.083000
317, 0.084000
318, 0.084000
319, 0.085000
320, 0.085000
321, 0.086000
322, 0.086000
323, 0.088000
324, 0.088000
325, 0.088000
326, 0.089000
327, 0.089000
328, 0.090000
329, 0.091000
330, 0.091000
331, 0.092000
332, 0.093000
333, 0.092000
334, 0.093000
335, 0.094000
336, 0.095000
337, 0.095000
338, 0.096000
339, 0.096000
340, 0.096000
341, 0.098000
342, 0.098000
343, 0.098000
344, 0.100000
345, 0.100000
346, 0.101000
347, 0.101000
348, 0.102000
349, 0.102000
350, 0.103000
351, 0.103000
352, 0.104000
353, 0.104000
354, 0.105000
355, 0.106000
356, 0.107000
357, 0.107000
358, 0.108000
359, 0.108000
360, 0.109000
361, 0.109000
362, 0.110000
363, 0.111000
364, 0.111000
365, 0.112000
366, 0.113000
367, 0.113000
368, 0.113000
369, 0.115000
370, 0.115000
371, 0.115000
372, 0.116000
373, 0.118000
374, 0.117000
375, 0.118000
376, 0.119000
377, 0.119000
378, 0.120000
379, 0.121000
380, 0.122000
381, 0.121000
382, 0.123000
383, 0.123000
384, 0.124000
385, 0.125000
386, 0.125000
387, 0.126000
388, 0.126000
389, 0.127000
390, 0.127000
391, 0.128000
392, 0.129000
393, 0.139000
394, 0.130000
395, 0.131000
396, 0.134000
397, 0.134000
398, 0.133000
399, 0.134000
400, 0.135000
401, 0.135000
402, 0.136000
403, 0.136000
404, 0.137000
405, 0.137000
406, 0.138000
407, 0.140000
408, 0.141000
409, 0.141000
410, 0.141000
411, 0.142000
412, 0.143000
413, 0.144000
414, 0.144000
415, 0.145000
416, 0.145000
417, 0.146000
418, 0.149000
419, 0.147000
420, 0.148000
421, 0.149000
422, 0.150000
423, 0.150000
424, 0.151000
425, 0.184000
426, 0.153000
427, 0.153000
428, 0.154000
429, 0.155000
430, 0.156000
431, 0.156000
432, 0.158000
433, 0.158000
434, 0.158000
435, 0.159000
436, 0.160000
437, 0.161000
438, 0.161000
439, 0.162000
440, 0.163000
441, 0.163000
442, 0.165000
443, 0.165000
444, 0.167000
445, 0.167000
446, 0.167000
447, 0.168000
448, 0.168000
449, 0.169000
450, 0.171000
451, 0.171000
452, 0.172000
453, 0.174000
454, 0.175000
455, 0.174000
456, 0.175000
457, 0.176000
458, 0.177000
459, 0.177000
460, 0.179000
461, 0.179000
462, 0.180000
463, 0.186000
464, 0.181000
465, 0.183000
466, 0.183000
467, 0.184000
468, 0.184000
469, 0.187000
470, 0.190000
471, 0.188000
472, 0.188000
473, 0.191000
474, 0.189000
475, 0.191000
476, 0.191000
477, 0.192000
478, 0.192000
479, 0.194000
480, 0.196000
481, 0.195000
482, 0.196000
483, 0.198000
484, 0.220000
485, 0.198000
486, 0.200000
487, 0.200000
488, 0.201000
489, 0.202000
490, 0.204000
491, 0.203000
492, 0.205000
493, 0.215000
494, 0.207000
495, 0.207000
496, 0.207000
497, 0.209000
498, 0.217000
499, 0.211000
500, 0.212000
501, 0.214000
502, 0.212000
503, 0.213000
504, 0.216000
505, 0.215000
506, 0.217000
507, 0.220000
508, 0.218000
509, 0.222000
510, 0.219000
511, 0.220000
512, 0.251000
513, 0.224000
514, 0.223000
515, 0.236000
516, 0.240000
517, 0.230000
518, 0.226000
519, 0.228000
520, 0.228000
521, 0.229000
522, 0.231000
523, 0.238000
524, 0.232000
525, 0.238000
526, 0.234000
527, 0.234000
528, 0.235000
529, 0.237000
530, 0.237000
531, 0.243000
532, 0.240000
533, 0.241000
534, 0.242000
535, 0.241000
536, 0.242000
537, 0.244000
538, 0.245000
539, 0.247000
540, 0.249000
541, 0.248000
542, 0.248000
543, 0.249000
544, 0.250000
545, 0.251000
546, 0.259000
547, 0.253000
548, 0.256000
549, 0.255000
550, 0.255000
551, 0.257000
552, 0.257000
553, 0.265000
554, 0.260000
555, 0.266000
556, 0.262000
557, 0.273000
558, 0.263000
559, 0.264000
560, 0.271000
561, 0.269000
562, 0.271000
563, 0.268000
564, 0.273000
565, 0.270000
566, 0.273000
567, 0.278000
568, 0.274000
569, 0.282000
570, 0.276000
571, 0.276000
572, 0.278000
573, 0.282000
574, 0.294000
575, 0.288000
576, 0.281000
577, 0.281000
578, 0.305000
579, 0.283000
580, 0.294000
581, 0.287000
582, 0.288000
583, 0.289000
584, 0.288000
585, 0.291000
586, 0.294000
587, 0.294000
588, 0.303000
589, 0.294000
590, 0.296000
591, 0.296000
592, 0.302000
593, 0.303000
594, 0.303000
595, 0.302000
596, 0.302000
597, 0.302000
598, 0.308000
599, 0.310000
600, 0.327000
601, 0.310000
602, 0.307000
603, 0.310000
604, 0.313000
605, 0.319000
606, 0.320000
607, 0.314000
608, 0.313000
609, 0.315000
610, 0.322000
611, 0.320000
612, 0.324000
613, 0.319000
614, 0.322000
615, 0.321000
616, 0.329000
617, 0.333000
618, 0.343000
619, 0.326000
620, 0.331000
621, 0.328000
622, 0.338000
623, 0.331000
624, 0.332000
625, 0.336000
626, 0.331000
627, 0.332000
628, 0.345000
629, 0.335000
630, 0.513000
631, 0.347000
632, 0.378000
633, 0.342000
634, 0.352000
635, 0.342000
636, 0.374000
637, 0.344000
638, 0.348000
639, 0.346000
640, 0.355000
641, 0.348000
642, 0.358000
643, 0.352000
644, 0.352000
645, 0.352000
646, 0.438000
647, 0.364000
648, 0.363000
649, 0.357000
650, 0.360000
651, 0.359000
652, 0.369000
653, 0.365000
654, 0.364000
655, 0.363000
656, 0.365000
657, 0.377000
658, 0.368000
659, 0.374000
660, 0.370000
661, 0.371000
662, 0.372000
663, 0.380000
664, 0.380000
665, 0.377000
666, 0.378000
667, 0.379000
668, 0.392000
669, 0.387000
670, 0.383000
671, 0.387000
672, 0.385000
673, 0.395000
674, 0.389000
675, 0.387000
676, 0.388000
677, 0.391000
678, 0.400000
679, 0.400000
680, 0.494000
681, 0.397000
682, 0.396000
683, 0.405000
684, 0.411000
685, 0.399000
686, 0.401000
687, 0.402000
688, 0.414000
689, 0.413000
690, 0.404000
691, 0.406000
692, 0.409000
693, 0.420000
694, 0.423000
695, 0.412000
696, 0.418000
697, 0.415000
698, 0.424000
699, 0.428000
700, 0.417000
701, 0.418000
702, 0.423000
703, 0.429000
704, 0.432000
705, 0.423000
706, 0.425000
707, 0.445000
708, 0.426000
709, 0.433000
710, 0.430000
711, 0.431000
712, 0.442000
713, 0.443000
714, 0.436000
715, 0.435000
716, 0.441000
717, 0.447000
718, 0.453000
719, 0.442000
720, 0.446000
721, 0.457000
722, 0.453000
723, 0.448000
724, 0.447000
725, 0.462000
726, 0.449000
727, 0.456000
728, 0.457000
729, 0.464000
730, 0.461000
731, 0.462000
732, 0.459000
733, 0.465000
734, 0.464000
735, 0.469000
736, 0.464000
737, 0.475000
738, 0.474000
739, 0.481000
740, 0.469000
741, 0.471000
742, 0.481000
743, 0.481000
744, 0.479000
745, 0.556000
746, 0.498000
747, 0.535000
748, 0.480000
749, 0.497000
750, 0.489000
751, 0.490000
752, 0.508000
753, 0.493000
754, 0.500000
755, 0.498000
756, 0.492000
757, 0.494000
758, 0.500000
759, 0.508000
760, 0.499000
761, 0.501000
762, 0.508000
763, 0.510000
764, 0.501000
765, 0.513000
766, 0.513000
767, 0.513000
768, 0.508000
769, 0.517000
770, 0.516000
771, 0.526000
772, 0.513000
773, 0.518000
774, 0.527000
775, 0.527000
776, 0.533000
777, 0.583000
778, 0.528000
779, 0.536000
780, 0.529000
781, 0.534000
782, 0.539000
783, 0.543000
784, 0.530000
785, 0.540000
786, 0.597000
787, 0.542000
788, 0.560000
789, 0.551000
790, 0.544000
791, 0.546000
792, 0.541000
793, 0.551000
794, 0.553000
795, 0.561000
796, 0.566000
797, 0.557000
798, 0.567000
799, 0.565000
800, 0.562000
801, 0.579000
802, 0.559000
803, 0.577000
804, 0.568000
805, 0.570000
806, 0.572000
807, 0.573000
808, 0.566000
809, 0.567000
810, 0.579000
811, 0.573000
812, 0.593000
813, 0.570000
814, 0.579000
815, 0.582000
816, 0.575000
817, 0.581000
818, 0.577000
819, 0.581000
820, 0.580000
821, 0.590000
822, 0.595000
823, 0.589000
824, 0.591000
825, 0.588000
826, 0.603000
827, 0.593000
828, 0.601000
829, 0.610000
830, 0.598000
831, 0.612000
832, 0.600000
833, 0.608000
834, 0.608000
835, 0.611000
836, 0.615000
837, 0.613000
838, 0.620000
839, 0.617000
840, 0.631000
841, 0.616000
842, 0.626000
843, 0.641000
844, 0.619000
845, 0.630000
846, 0.623000
847, 0.664000
848, 0.627000
849, 0.633000
850, 0.670000
851, 0.643000
852, 0.662000
853, 0.647000
854, 0.636000
855, 0.649000
856, 0.649000
857, 0.640000
858, 0.644000
859, 0.658000
860, 0.646000
861, 0.656000
862, 0.662000
863, 0.649000
864, 0.661000
865, 0.666000
866, 0.662000
867, 0.662000
868, 0.685000
869, 0.672000
870, 0.663000
871, 0.686000
872, 0.668000
873, 0.674000
874, 0.688000
875, 0.683000
876, 0.700000
877, 0.701000
878, 0.677000
879, 0.686000
880, 0.720000
881, 0.698000
882, 0.687000
883, 0.717000
884, 0.693000
885, 0.695000
886, 0.706000
887, 0.704000
888, 0.747000
889, 0.732000
890, 0.717000
891, 0.705000
892, 0.720000
893, 0.706000
894, 0.731000
895, 0.741000
896, 0.701000
897, 0.729000
898, 0.747000
899, 0.717000
900, 0.719000
901, 0.739000
902, 0.727000
903, 0.735000
904, 0.737000
905, 0.744000
906, 0.744000
907, 0.758000
908, 0.736000
909, 0.743000
910, 0.766000
911, 0.738000
912, 0.788000
913, 0.789000
914, 0.772000
915, 0.763000
916, 0.766000
917, 0.782000
918, 0.771000
919, 0.771000
920, 0.759000
921, 0.761000
922, 0.773000
923, 0.778000
924, 0.778000
925, 0.786000
926, 0.773000
927, 0.806000
928, 0.785000
929, 0.790000
930, 0.821000
931, 0.791000
932, 0.799000
933, 0.794000
934, 0.803000
935, 0.799000
936, 0.885000
937, 0.793000
938, 0.802000
939, 0.803000
940, 0.814000
941, 0.804000
942, 0.818000
943, 0.852000
944, 0.819000
945, 0.830000
946, 0.860000
947, 0.830000
948, 0.834000
949, 0.825000
950, 0.812000
951, 0.836000
952, 0.839000
953, 0.844000
954, 0.860000
955, 0.864000
956, 0.877000
957, 0.848000
958, 0.848000
959, 0.912000
960, 0.864000
961, 0.853000
962, 0.869000
963, 0.902000
964, 0.908000
965, 0.874000
966, 0.857000
967, 0.969000
968, 0.872000
969, 0.885000
970, 0.915000
971, 0.869000
972, 0.907000
973, 0.918000
974, 0.949000
975, 0.883000
976, 0.911000
977, 0.953000
978, 0.893000
979, 0.922000
980, 0.930000
981, 0.868000
982, 0.919000
983, 0.895000
984, 0.933000
985, 0.932000
986, 0.968000
987, 0.913000
988, 0.892000
989, 0.913000
990, 0.899000
991, 0.967000
992, 0.909000
993, 0.926000
994, 0.943000
995, 0.910000
996, 0.964000
997, 0.919000
998, 0.949000
999, 0.961000
3, 0.009000
4, 0.000000
5, 0.000000
6, 0.000000
7, 0.001000
8, 0.000000
9, 0.000000
10, 0.000000
11, 0.000000
12, 0.001000
13, 0.001000
14, 0.000000
15, 0.001000
16, 0.000000
17, 0.000000
18, 0.000000
19, 0.000000
20, 0.000000
21, 0.001000
22, 0.000000
23, 0.000000
24, 0.000000
25, 0.001000
26, 0.001000
27, 0.000000
28, 0.001000
29, 0.001000
30, 0.001000
31, 0.000000
32, 0.001000
33, 0.001000
34, 0.001000
35, 0.001000
36, 0.001000
37, 0.001000
38, 0.001000
39, 0.001000
40, 0.002000
41, 0.001000
42, 0.001000
43, 0.002000
44, 0.002000
45, 0.002000
46, 0.002000
47, 0.002000
48, 0.002000
49, 0.002000
50, 0.002000
51, 0.002000
52, 0.002000
53, 0.003000
54, 0.002000
55, 0.002000
56, 0.002000
57, 0.002000
58, 0.003000
59, 0.003000
60, 0.003000
61, 0.003000
62, 0.003000
63, 0.003000
64, 0.003000
65, 0.019000
66, 0.003000
67, 0.003000
68, 0.003000
69, 0.004000
70, 0.004000
71, 0.003000
72, 0.004000
73, 0.004000
74, 0.005000
75, 0.004000
76, 0.004000
77, 0.004000
78, 0.005000
79, 0.004000
80, 0.005000
81, 0.005000
82, 0.005000
83, 0.005000
84, 0.006000
85, 0.005000
86, 0.006000
87, 0.006000
88, 0.006000
89, 0.007000
90, 0.006000
91, 0.006000
92, 0.007000
93, 0.006000
94, 0.007000
95, 0.007000
96, 0.007000
97, 0.007000
98, 0.007000
99, 0.008000
100, 0.008000
101, 0.008000
102, 0.009000
103, 0.008000
104, 0.008000
105, 0.009000
106, 0.009000
107, 0.009000
108, 0.009000
109, 0.009000
110, 0.010000
111, 0.009000
112, 0.009000
113, 0.010000
114, 0.010000
115, 0.010000
116, 0.011000
117, 0.011000
118, 0.011000
119, 0.011000
120, 0.011000
121, 0.012000
122, 0.012000
123, 0.012000
124, 0.012000
125, 0.013000
126, 0.013000
127, 0.013000
128, 0.013000
129, 0.025000
130, 0.014000
131, 0.014000
132, 0.014000
133, 0.015000
134, 0.015000
135, 0.015000
136, 0.015000
137, 0.015000
138, 0.015000
139, 0.016000
140, 0.016000
141, 0.017000
142, 0.016000
143, 0.017000
144, 0.017000
145, 0.017000
146, 0.017000
147, 0.017000
148, 0.018000
149, 0.018000
150, 0.018000
151, 0.018000
152, 0.019000
153, 0.018000
154, 0.019000
155, 0.019000
156, 0.020000
157, 0.020000
158, 0.020000
159, 0.020000
160, 0.020000
161, 0.021000
162, 0.022000
163, 0.022000
164, 0.022000
165, 0.022000
166, 0.022000
167, 0.023000
168, 0.023000
169, 0.023000
170, 0.023000
171, 0.024000
172, 0.024000
173, 0.025000
174, 0.024000
175, 0.025000
176, 0.026000
177, 0.025000
178, 0.026000
179, 0.026000
180, 0.026000
181, 0.027000
182, 0.027000
183, 0.027000
184, 0.027000
185, 0.029000
186, 0.028000
187, 0.029000
188, 0.029000
189, 0.029000
190, 0.030000
191, 0.030000
192, 0.030000
193, 0.030000
194, 0.030000
195, 0.031000
196, 0.032000
197, 0.032000
198, 0.046000
199, 0.033000
200, 0.033000
201, 0.033000
202, 0.033000
203, 0.034000
204, 0.034000
205, 0.035000
206, 0.035000
207, 0.035000
208, 0.035000
209, 0.036000
210, 0.036000
211, 0.037000
212, 0.036000
213, 0.038000
214, 0.039000
215, 0.038000
216, 0.038000
217, 0.039000
218, 0.039000
219, 0.040000
220, 0.040000
221, 0.040000
222, 0.041000
223, 0.041000
224, 0.042000
225, 0.042000
226, 0.042000
227, 0.043000
228, 0.043000
229, 0.043000
230, 0.044000
231, 0.044000
232, 0.044000
233, 0.045000
234, 0.045000
235, 0.045000
236, 0.046000
237, 0.047000
238, 0.047000
239, 0.047000
240, 0.047000
241, 0.048000
242, 0.048000
243, 0.048000
244, 0.049000
245, 0.049000
246, 0.052000
247, 0.051000
248, 0.079000
249, 0.054000
250, 0.053000
251, 0.052000
252, 0.052000
253, 0.053000
254, 0.054000
255, 0.054000
256, 0.055000
257, 0.056000
258, 0.056000
259, 0.055000
260, 0.056000
261, 0.057000
262, 0.057000
263, 0.058000
264, 0.058000
265, 0.058000
266, 0.059000
267, 0.071000
268, 0.060000
269, 0.060000
270, 0.060000
271, 0.061000
272, 0.062000
273, 0.062000
274, 0.062000
275, 0.063000
276, 0.064000
277, 0.064000
278, 0.076000
279, 0.065000
280, 0.066000
281, 0.066000
282, 0.066000
283, 0.067000
284, 0.069000
285, 0.068000
286, 0.068000
287, 0.069000
288, 0.069000
289, 0.069000
290, 0.071000
291, 0.071000
292, 0.071000
293, 0.072000
294, 0.072000
295, 0.073000
296, 0.073000
297, 0.077000
298, 0.079000
299, 0.074000
300, 0.076000
301, 0.076000
302, 0.076000
303, 0.099000
304, 0.077000
305, 0.077000
306, 0.079000
307, 0.079000
308, 0.080000
309, 0.080000
310, 0.081000
311, 0.080000
312, 0.081000
313, 0.082000
314, 0.086000
315, 0.094000
316, 0.086000
317, 0.085000
318, 0.088000
319, 0.098000
320, 0.086000
321, 0.086000
322, 0.087000
323, 0.090000
324, 0.088000
325, 0.091000
326, 0.090000
327, 0.090000
328, 0.090000
329, 0.091000
330, 0.091000
331, 0.092000
332, 0.092000
333, 0.094000
334, 0.094000
335, 0.094000
336, 0.094000
337, 0.095000
338, 0.095000
339, 0.097000
340, 0.096000
341, 0.097000
342, 0.098000
343, 0.099000
344, 0.099000
345, 0.100000
346, 0.101000
347, 0.102000
348, 0.105000
349, 0.103000
350, 0.103000
351, 0.104000
352, 0.104000
353, 0.105000
354, 0.105000
355, 0.106000
356, 0.106000
357, 0.106000
358, 0.108000
359, 0.108000
360, 0.112000
361, 0.112000
362, 0.115000
363, 0.114000
364, 0.200000
365, 0.114000
366, 0.113000
367, 0.113000
368, 0.117000
369, 0.118000
370, 0.115000
371, 0.115000
372, 0.116000
373, 0.117000
374, 0.146000
375, 0.121000
376, 0.119000
377, 0.170000
378, 0.120000
379, 0.122000
380, 0.132000
381, 0.122000
382, 0.123000
383, 0.123000
384, 0.125000
385, 0.125000
386, 0.125000
387, 0.126000
388, 0.126000
389, 0.127000
390, 0.128000
391, 0.128000
392, 0.129000
393, 0.150000
394, 0.130000
395, 0.130000
396, 0.132000
397, 0.178000
398, 0.142000
399, 0.145000
400, 0.156000
401, 0.137000
402, 0.136000
403, 0.137000
404, 0.137000
405, 0.138000
406, 0.140000
407, 0.139000
408, 0.140000
409, 0.141000
410, 0.142000
411, 0.142000
412, 0.142000
413, 0.144000
414, 0.144000
415, 0.144000
416, 0.146000
417, 0.146000
418, 0.147000
419, 0.147000
420, 0.149000
421, 0.151000
422, 0.150000
423, 0.150000
424, 0.152000
425, 0.152000
426, 0.152000
427, 0.154000
428, 0.178000
429, 0.159000
430, 0.162000
431, 0.165000
432, 0.161000
433, 0.159000
434, 0.159000
435, 0.159000
436, 0.164000
437, 0.161000
438, 0.161000
439, 0.162000
440, 0.163000
441, 0.164000
442, 0.164000
443, 0.166000
444, 0.166000
445, 0.167000
446, 0.167000
447, 0.169000
448, 0.169000
449, 0.170000
450, 0.171000
451, 0.173000
452, 0.172000
453, 0.173000
454, 0.174000
455, 0.188000
456, 0.185000
457, 0.201000
458, 0.187000
459, 0.178000
460, 0.178000
461, 0.179000
462, 0.180000
463, 0.181000
464, 0.184000
465, 0.183000
466, 0.183000
467, 0.185000
468, 0.186000
469, 0.187000
470, 0.186000
471, 0.187000
472, 0.188000
473, 0.189000
474, 0.189000
475, 0.191000
476, 0.191000
477, 0.192000
478, 0.192000
479, 0.194000
480, 0.227000
481, 0.204000
482, 0.223000
483, 0.202000
484, 0.201000
485, 0.198000
486, 0.200000
487, 0.207000
488, 0.201000
489, 0.201000
490, 0.202000
491, 0.242000
492, 0.209000
493, 0.209000
494, 0.206000
495, 0.209000
496, 0.208000
497, 0.208000
498, 0.261000
499, 0.213000
500, 0.210000
501, 0.212000
502, 0.239000
503, 0.232000
504, 0.255000
505, 0.218000
506, 0.222000
507, 0.217000
508, 0.218000
509, 0.219000
510, 0.227000
511, 0.221000
512, 0.289000
513, 0.223000
514, 0.223000
515, 0.224000
516, 0.225000
517, 0.225000
518, 0.226000
519, 0.410000
520, 0.257000
521, 0.321000
522, 0.324000
523, 0.260000
524, 0.329000
525, 0.292000
526, 0.259000
527, 0.269000
528, 0.269000
529, 0.309000
530, 0.237000
531, 0.241000
532, 0.249000
533, 0.240000
534, 0.252000
535, 0.317000
536, 0.272000
537, 0.245000
538, 0.262000
539, 0.246000
540, 0.262000
541, 0.295000
542, 0.279000
543, 0.251000
544, 0.339000
545, 0.260000
546, 0.286000
547, 0.271000
548, 0.257000
549, 0.268000
550, 0.283000
551, 0.258000
552, 0.260000
553, 0.283000
554, 0.273000
555, 0.260000
556, 0.290000
557, 0.264000
558, 0.264000
559, 0.319000
560, 0.281000
561, 0.278000
562, 0.296000
563, 0.271000
564, 0.300000
565, 0.278000
566, 0.275000
567, 0.297000
568, 0.279000
569, 0.273000
570, 0.376000
571, 0.277000
572, 0.279000
573, 0.301000
574, 0.283000
575, 0.292000
576, 0.324000
577, 0.294000
578, 0.312000
579, 0.314000
580, 0.285000
581, 0.336000
582, 0.288000
583, 0.291000
584, 0.302000
585, 0.295000
586, 0.330000
587, 0.297000
588, 0.296000
589, 0.314000
590, 0.295000
591, 0.342000
592, 0.381000
593, 0.311000
594, 0.331000
595, 0.301000
596, 0.301000
597, 0.301000
598, 0.306000
599, 0.306000
600, 0.366000
601, 0.327000
602, 0.310000
603, 0.327000
604, 0.318000
605, 0.385000
606, 0.331000
607, 0.332000
608, 0.348000
609, 0.327000
610, 0.320000
611, 0.316000
612, 0.332000
613, 0.321000
614, 0.393000
615, 0.323000
616, 0.341000
617, 0.324000
618, 0.324000
619, 0.326000
620, 0.328000
621, 0.348000
622, 0.365000
623, 0.390000
624, 0.350000
625, 0.339000
626, 0.478000
627, 0.343000
628, 0.340000
629, 0.484000
630, 0.339000
631, 0.382000
632, 0.343000
633, 0.462000
634, 0.352000
635, 0.366000
636, 0.375000
637, 0.346000
638, 0.364000
639, 0.346000
640, 0.349000
641, 0.351000
642, 0.353000
643, 0.350000
644, 0.353000
645, 0.355000
646, 0.354000
647, 0.357000
648, 0.361000
649, 0.396000
650, 0.427000
651, 0.359000
652, 0.361000
653, 0.365000
654, 0.365000
655, 0.366000
656, 0.366000
657, 0.367000
658, 0.367000
659, 0.373000
660, 0.370000
661, 0.407000
662, 0.423000
663, 0.407000
664, 0.382000
665, 0.377000
666, 0.380000
667, 0.380000
668, 0.379000
669, 0.389000
670, 0.381000
671, 0.386000
672, 0.383000
673, 0.384000
674, 0.425000
675, 0.438000
676, 0.400000
677, 0.401000
678, 0.390000
679, 0.406000
680, 0.398000
681, 0.398000
682, 0.396000
683, 0.406000
684, 0.406000
685, 0.408000
686, 0.572000
687, 0.430000
688, 0.410000
689, 0.419000
690, 0.412000
691, 0.412000
692, 0.409000
693, 0.411000
694, 0.426000
695, 0.504000
696, 0.416000
697, 0.435000
698, 0.504000
699, 0.441000
700, 0.430000
701, 0.419000
702, 0.423000
703, 0.431000
704, 0.429000
705, 0.428000
706, 0.423000
707, 0.426000
708, 0.662000
709, 0.488000
710, 0.444000
711, 0.440000
712, 0.434000
713, 0.441000
714, 0.448000
715, 0.436000
716, 0.440000
717, 0.491000
718, 0.443000
719, 0.505000
720, 0.522000
721, 0.473000
722, 0.447000
723, 0.448000
724, 0.446000
725, 0.447000
726, 0.458000
727, 0.459000
728, 0.450000
729, 0.472000
730, 0.565000
731, 0.477000
732, 0.473000
733, 0.462000
734, 0.464000
735, 0.473000
736, 0.468000
737, 0.463000
738, 0.462000
739, 0.464000
740, 0.592000
741, 0.553000
742, 0.473000
743, 0.469000
744, 0.471000
745, 0.472000
746, 0.472000
747, 0.475000
748, 0.497000
749, 0.477000
750, 0.477000
751, 0.586000
752, 0.510000
753, 0.524000
754, 0.484000
755, 0.486000
756, 0.499000
757, 0.571000
758, 0.512000
759, 0.493000
760, 0.494000
761, 0.583000
762, 0.511000
763, 0.501000
764, 0.504000
765, 0.500000
766, 0.499000
767, 0.501000
768, 0.502000
769, 0.504000
770, 0.592000
771, 0.567000
772, 0.514000
773, 0.510000
774, 0.513000
775, 0.519000
776, 0.514000
777, 0.525000
778, 0.522000
779, 0.533000
780, 0.633000
781, 0.576000
782, 0.526000
783, 0.530000
784, 0.526000
785, 0.542000
786, 0.529000
787, 0.553000
788, 0.571000
789, 0.682000
790, 0.549000
791, 0.539000
792, 0.537000
793, 0.535000
794, 0.554000
795, 0.546000
796, 0.558000
797, 0.543000
798, 0.606000
799, 0.585000
800, 0.550000
801, 0.563000
802, 0.560000
803, 0.563000
804, 0.554000
805, 0.560000
806, 0.564000
807, 0.626000
808, 0.574000
809, 0.568000
810, 0.573000
811, 0.574000
812, 0.572000
813, 0.571000
814, 0.620000
815, 0.647000
816, 0.598000
817, 0.581000
818, 0.588000
819, 0.581000
820, 0.585000
821, 0.583000
822, 0.593000
823, 0.593000
824, 0.678000
825, 0.606000
826, 0.600000
827, 0.619000
828, 0.594000
829, 0.600000
830, 0.613000
831, 0.605000
832, 0.704000
833, 0.617000
834, 0.611000
835, 0.611000
836, 0.618000
837, 0.617000
838, 0.644000
839, 0.700000
840, 0.757000
841, 0.630000
842, 0.626000
843, 0.633000
844, 0.632000
845, 0.629000
846, 0.627000
847, 0.632000
848, 0.719000
849, 0.652000
850, 0.632000
851, 0.632000
852, 0.637000
853, 0.639000
854, 0.635000
855, 0.650000
856, 0.852000
857, 0.644000
858, 0.656000
859, 0.648000
860, 0.650000
861, 0.651000
862, 0.653000
863, 0.759000
864, 0.665000
865, 0.663000
866, 0.666000
867, 0.663000
868, 0.674000
869, 0.667000
870, 0.666000
871, 0.756000
872, 0.689000
873, 0.662000
874, 0.684000
875, 0.681000
876, 0.680000
877, 0.690000
878, 0.793000
879, 0.722000
880, 0.715000
881, 0.691000
882, 0.694000
883, 1.070000
884, 0.707000
885, 0.831000
886, 0.718000
887, 0.710000
888, 0.717000
889, 0.697000
890, 0.702000
891, 0.716000
892, 0.813000
893, 0.770000
894, 0.721000
895, 0.708000
896, 0.711000
897, 0.711000
898, 0.715000
899, 0.855000
900, 0.766000
901, 0.728000
902, 0.722000
903, 0.728000
904, 0.726000
905, 0.735000
906, 0.839000
907, 0.760000
908, 0.763000
909, 0.746000
910, 0.733000
911, 0.740000
912, 0.746000
913, 0.895000
914, 0.791000
915, 0.760000
916, 0.762000
917, 0.768000
918, 0.768000
919, 0.751000
920, 0.976000
921, 0.788000
922, 0.766000
923, 0.765000
924, 0.760000
925, 0.786000
926, 0.887000
927, 0.815000
928, 0.796000
929, 0.787000
930, 0.794000
931, 0.791000
932, 0.787000
933, 0.912000
934, 0.816000
935, 0.810000
936, 0.796000
937, 0.796000
938, 0.799000
939, 0.935000
940, 0.808000
941, 0.815000
942, 0.813000
943, 0.818000
944, 0.806000
945, 0.812000
946, 0.885000
947, 0.835000
948, 0.821000
949, 0.834000
950, 0.831000
951, 0.821000
952, 1.041000
953, 0.828000
954, 0.857000
955, 0.840000
956, 0.838000
957, 0.850000
958, 0.940000
959, 0.855000
960, 0.844000
961, 0.835000
962, 1.198000
963, 0.863000
964, 0.937000
965, 0.891000
966, 0.871000
967, 0.864000
968, 0.869000
969, 0.861000
970, 0.942000
971, 0.891000
972, 0.908000
973, 0.881000
974, 0.875000
975, 0.890000
976, 1.003000
977, 0.919000
978, 0.892000
979, 0.864000
980, 0.864000
981, 0.916000
982, 1.057000
983, 0.908000
984, 0.873000
985, 0.877000
986, 0.876000
987, 0.882000
988, 1.117000
989, 0.888000
990, 0.885000
991, 0.889000
992, 0.890000
993, 0.885000
994, 0.962000
995, 0.956000
996, 0.909000
997, 0.913000
998, 0.910000
999, 1.024000
3, 0.004000
4, 0.000000
5, 0.000000
6, 0.000000
7, 0.000000
8, 0.000000
9, 0.001000
10, 0.000000
11, 0.000000
12, 0.001000
13, 0.001000
14, 0.000000
15, 0.001000
16, 0.000000
17, 0.000000
18, 0.000000
19, 0.000000
20, 0.000000
21, 0.001000
22, 0.000000
23, 0.001000
24, 0.001000
25, 0.001000
26, 0.001000
27, 0.000000
28, 0.001000
29, 0.001000
30, 0.001000
31, 0.001000
32, 0.001000
33, 0.001000
34, 0.001000
35, 0.001000
36, 0.001000
37, 0.001000
38, 0.001000
39, 0.001000
40, 0.001000
41, 0.002000
42, 0.002000
43, 0.001000
44, 0.001000
45, 0.002000
46, 0.001000
47, 0.002000
48, 0.002000
49, 0.002000
50, 0.002000
51, 0.002000
52, 0.002000
53, 0.003000
54, 0.002000
55, 0.002000
56, 0.002000
57, 0.003000
58, 0.003000
59, 0.003000
60, 0.003000
61, 0.003000
62, 0.003000
63, 0.003000
64, 0.004000
65, 0.003000
66, 0.003000
67, 0.003000
68, 0.003000
69, 0.003000
70, 0.004000
71, 0.004000
72, 0.004000
73, 0.004000
74, 0.005000
75, 0.005000
76, 0.005000
77, 0.005000
78, 0.004000
79, 0.005000
80, 0.005000
81, 0.005000
82, 0.006000
83, 0.007000
84, 0.006000
85, 0.005000
86, 0.006000
87, 0.006000
88, 0.006000
89, 0.006000
90, 0.006000
91, 0.007000
92, 0.006000
93, 0.007000
94, 0.007000
95, 0.007000
96, 0.007000
97, 0.007000
98, 0.007000
99, 0.008000
100, 0.007000
101, 0.008000
102, 0.008000
103, 0.009000
104, 0.008000
105, 0.009000
106, 0.009000
107, 0.009000
108, 0.010000
109, 0.009000
110, 0.009000
111, 0.010000
112, 0.010000
113, 0.010000
114, 0.010000
115, 0.010000
116, 0.011000
117, 0.011000
118, 0.011000
119, 0.011000
120, 0.011000
121, 0.011000
122, 0.012000
123, 0.012000
124, 0.012000
125, 0.013000
126, 0.013000
127, 0.013000
128, 0.013000
129, 0.014000
130, 0.014000
131, 0.014000
132, 0.014000
133, 0.014000
134, 0.015000
135, 0.014000
136, 0.015000
137, 0.015000
138, 0.015000
139, 0.015000
140, 0.015000
141, 0.016000
142, 0.016000
143, 0.016000
144, 0.016000
145, 0.017000
146, 0.017000
147, 0.018000
148, 0.017000
149, 0.018000
150, 0.019000
151, 0.018000
152, 0.019000
153, 0.019000
154, 0.019000
155, 0.020000
156, 0.020000
157, 0.020000
158, 0.020000
159, 0.021000
160, 0.020000
161, 0.021000
162, 0.022000
163, 0.022000
164, 0.022000
165, 0.022000
166, 0.022000
167, 0.022000
168, 0.023000
169, 0.023000
170, 0.023000
171, 0.024000
172, 0.024000
173, 0.025000
174, 0.025000
175, 0.025000
176, 0.025000
177, 0.026000
178, 0.026000
179, 0.026000
180, 0.027000
181, 0.028000
182, 0.029000
183, 0.030000
184, 0.030000
185, 0.038000
186, 0.035000
187, 0.034000
188, 0.034000
189, 0.033000
190, 0.031000
191, 0.031000
192, 0.032000
193, 0.032000
194, 0.033000
195, 0.033000
196, 0.034000
197, 0.034000
198, 0.033000
199, 0.033000
200, 0.034000
201, 0.034000
202, 0.034000
203, 0.035000
204, 0.035000
205, 0.036000
206, 0.036000
207, 0.037000
208, 0.037000
209, 0.037000
210, 0.037000
211, 0.038000
212, 0.038000
213, 0.037000
214, 0.038000
215, 0.038000
216, 0.039000
217, 0.039000
218, 0.040000
219, 0.039000
220, 0.040000
221, 0.040000
222, 0.041000
223, 0.041000
224, 0.041000
225, 0.042000
226, 0.042000
227, 0.042000
228, 0.043000
229, 0.049000
230, 0.047000
231, 0.045000
232, 0.045000
233, 0.045000
234, 0.045000
235, 0.046000
236, 0.046000
237, 0.046000
238, 0.047000
239, 0.048000
240, 0.048000
241, 0.048000
242, 0.049000
243, 0.049000
244, 0.050000
245, 0.049000
246, 0.050000
247, 0.051000
248, 0.050000
249, 0.051000
250, 0.051000
251, 0.052000
252, 0.053000
253, 0.053000
254, 0.053000
255, 0.054000
256, 0.054000
257, 0.055000
258, 0.055000
259, 0.056000
260, 0.056000
261, 0.056000
262, 0.057000
263, 0.058000
264, 0.058000
265, 0.058000
266, 0.059000
267, 0.061000
268, 0.062000
269, 0.061000
270, 0.062000
271, 0.061000
272, 0.073000
273, 0.094000
274, 0.070000
275, 0.066000
276, 0.066000
277, 0.067000
278, 0.066000
279, 0.068000
280, 0.066000
281, 0.067000
282, 0.067000
283, 0.070000
284, 0.077000
285, 0.080000
286, 0.078000
287, 0.081000
288, 0.084000
289, 0.082000
290, 0.085000
291, 0.084000
292, 0.079000
293, 0.077000
294, 0.079000
295, 0.077000
296, 0.076000
297, 0.077000
298, 0.077000
299, 0.077000
300, 0.078000
301, 0.078000
302, 0.078000
303, 0.104000
304, 0.085000
305, 0.085000
306, 0.079000
307, 0.080000
308, 0.079000
309, 0.080000
310, 0.080000
311, 0.080000
312, 0.081000
313, 0.082000
314, 0.082000
315, 0.083000
316, 0.083000
317, 0.084000
318, 0.084000
319, 0.085000
320, 0.085000
321, 0.086000
322, 0.086000
323, 0.087000
324, 0.088000
325, 0.089000
326, 0.090000
327, 0.090000
328, 0.090000
329, 0.091000
330, 0.091000
331, 0.091000
332, 0.092000
333, 0.093000
334, 0.093000
335, 0.094000
336, 0.095000
337, 0.095000
338, 0.098000
339, 0.108000
340, 0.113000
341, 0.114000
342, 0.107000
343, 0.107000
344, 0.124000
345, 0.110000
346, 0.107000
347, 0.106000
348, 0.104000
349, 0.105000
350, 0.104000
351, 0.104000
352, 0.105000
353, 0.105000
354, 0.105000
355, 0.105000
356, 0.106000
357, 0.107000
358, 0.108000
359, 0.108000
360, 0.108000
361, 0.110000
362, 0.111000
363, 0.111000
364, 0.111000
365, 0.112000
366, 0.113000
367, 0.113000
368, 0.114000
369, 0.114000
370, 0.115000
371, 0.116000
372, 0.116000
373, 0.117000
374, 0.134000
375, 0.120000
376, 0.119000
377, 0.123000
378, 0.122000
379, 0.121000
380, 0.181000
381, 0.165000
382, 0.162000
383, 0.157000
384, 0.137000
385, 0.134000
386, 0.130000
387, 0.129000
388, 0.127000
389, 0.128000
390, 0.129000
391, 0.131000
392, 0.138000
393, 0.136000
394, 0.134000
395, 0.133000
396, 0.132000
397, 0.132000
398, 0.134000
399, 0.134000
400, 0.135000
401, 0.135000
402, 0.136000
403, 0.137000
404, 0.138000
405, 0.138000
406, 0.140000
407, 0.139000
408, 0.140000
409, 0.141000
410, 0.141000
411, 0.143000
412, 0.143000
413, 0.198000
414, 0.162000
415, 0.165000
416, 0.201000
417, 0.157000
418, 0.161000
419, 0.162000
420, 0.153000
421, 0.153000
422, 0.154000
423, 0.153000
424, 0.152000
425, 0.154000
426, 0.153000
427, 0.154000
428, 0.155000
429, 0.155000
430, 0.158000
431, 0.159000
432, 0.161000
433, 0.158000
434, 0.159000
435, 0.160000
436, 0.160000
437, 0.161000
438, 0.162000
439, 0.163000
440, 0.164000
441, 0.164000
442, 0.172000
443, 0.185000
444, 0.211000
445, 0.205000
446, 0.181000
447, 0.173000
448, 0.174000
449, 0.174000
450, 0.175000
451, 0.172000
452, 0.173000
453, 0.175000
454, 0.174000
455, 0.176000
456, 0.175000
457, 0.176000
458, 0.177000
459, 0.177000
460, 0.178000
461, 0.179000
462, 0.180000
463, 0.182000
464, 0.182000
465, 0.182000
466, 0.184000
467, 0.183000
468, 0.223000
469, 0.208000
470, 0.237000
471, 0.203000
472, 0.199000
473, 0.201000
474, 0.201000
475, 0.199000
476, 0.197000
477, 0.197000
478, 0.199000
479, 0.199000
480, 0.194000
481, 0.194000
482, 0.198000
483, 0.198000
484, 0.198000
485, 0.199000
486, 0.212000
487, 0.230000
488, 0.201000
489, 0.201000
490, 0.203000
491, 0.232000
492, 0.236000
493, 0.230000
494, 0.222000
495, 0.219000
496, 0.221000
497, 0.215000
498, 0.216000
499, 0.216000
500, 0.217000
501, 0.212000
502, 0.214000
503, 0.214000
504, 0.214000
505, 0.215000
506, 0.216000
507, 0.217000
508, 0.218000
509, 0.228000
510, 0.224000
511, 0.238000
512, 0.244000
513, 0.288000
514, 0.235000
515, 0.232000
516, 0.232000
517, 0.235000
518, 0.233000
519, 0.228000
520, 0.229000
521, 0.231000
522, 0.230000
523, 0.233000
524, 0.232000
525, 0.233000
526, 0.236000
527, 0.235000
528, 0.236000
529, 0.237000
530, 0.238000
531, 0.288000
532, 0.277000
533, 0.268000
534, 0.257000
535, 0.257000
536, 0.257000
537, 0.251000
538, 0.253000
539, 0.261000
540, 0.248000
541, 0.250000
542, 0.250000
543, 0.250000
544, 0.250000
545, 0.250000
546, 0.261000
547, 0.253000
548, 0.261000
549, 0.296000
550, 0.295000
551, 0.276000
552, 0.274000
553, 0.279000
554, 0.268000
555, 0.274000
556, 0.270000
557, 0.263000
558, 0.264000
559, 0.264000
560, 0.272000
561, 0.267000
562, 0.276000
563, 0.269000
564, 0.270000
565, 0.270000
566, 0.314000
567, 0.329000
568, 0.283000
569, 0.285000
570, 0.286000
571, 0.277000
572, 0.279000
573, 0.281000
574, 0.282000
575, 0.284000
576, 0.282000
577, 0.283000
578, 0.284000
579, 0.286000
580, 0.295000
581, 0.286000
582, 0.343000
583, 0.430000
584, 0.302000
585, 0.299000
586, 0.304000
587, 0.294000
588, 0.302000
589, 0.294000
590, 0.296000
591, 0.296000
592, 0.299000
593, 0.308000
594, 0.390000
595, 0.300000
596, 0.303000
597, 0.374000
598, 0.363000
599, 0.319000
600, 0.321000
601, 0.323000
602, 0.316000
603, 0.311000
604, 0.313000
605, 0.321000
606, 0.315000
607, 0.314000
608, 0.315000
609, 0.315000
610, 0.322000
611, 0.374000
612, 0.455000
613, 0.335000
614, 0.333000
615, 0.322000
616, 0.329000
617, 0.323000
618, 0.330000
619, 0.328000
620, 0.327000
621, 0.331000
622, 0.337000
623, 0.333000
624, 0.339000
625, 0.391000
626, 0.396000
627, 0.358000
628, 0.360000
629, 0.355000
630, 0.351000
631, 0.339000
632, 0.340000
633, 0.351000
634, 0.460000
635, 0.401000
636, 0.424000
637, 0.399000
638, 0.386000
639, 0.369000
640, 0.370000
641, 0.371000
642, 0.375000
643, 0.447000
644, 0.379000
645, 0.367000
646, 0.377000
647, 0.378000
648, 0.391000
649, 0.484000
650, 0.387000
651, 0.440000
652, 0.407000
653, 0.378000
654, 0.417000
655, 0.374000
656, 0.407000
657, 0.371000
658, 0.385000
659, 0.374000
660, 0.382000
661, 0.662000
662, 0.410000
663, 0.406000
664, 0.393000
665, 0.405000
666, 0.380000
667, 0.635000
668, 0.416000
669, 0.440000
670, 0.431000
671, 0.402000
672, 0.431000
673, 0.456000
674, 0.412000
675, 0.392000
676, 0.394000
677, 0.419000
678, 0.406000
679, 0.412000
680, 0.397000
681, 0.402000
682, 0.412000
683, 0.419000
684, 0.689000
685, 0.474000
686, 0.504000
687, 0.417000
688, 0.525000
689, 0.409000
690, 0.410000
691, 0.428000
692, 0.416000
693, 0.417000
694, 0.436000
695, 0.474000
696, 0.438000
697, 0.435000
698, 0.418000
699, 0.419000
700, 0.418000
701, 0.437000
702, 0.429000
703, 0.423000
704, 0.514000
705, 0.435000
706, 0.507000
707, 0.444000
708, 0.433000
709, 0.431000
710, 0.445000
711, 0.442000
712, 0.435000
713, 0.439000
714, 0.459000
715, 0.444000
716, 0.751000
717, 0.568000
718, 0.477000
719, 0.467000
720, 0.471000
721, 0.447000
722, 0.446000
723, 0.471000
724, 0.469000
725, 0.502000
726, 0.508000
727, 0.649000
728, 0.520000
729, 0.512000
730, 0.521000
731, 0.522000
732, 0.554000
733, 0.547000
734, 0.477000
735, 0.476000
736, 0.545000
737, 0.776000
738, 0.490000
739, 0.480000
740, 0.478000
741, 0.475000
742, 0.474000
743, 0.489000
744, 0.485000
745, 0.480000
746, 0.550000
747, 0.606000
748, 0.500000
749, 0.491000
750, 0.558000
751, 0.502000
752, 0.495000
753, 0.490000
754, 0.493000
755, 0.502000
756, 0.579000
757, 0.518000
758, 0.514000
759, 0.507000
760, 0.506000
761, 0.515000
762, 0.506000
763, 0.511000
764, 0.519000
765, 0.629000
766, 0.653000
767, 0.538000
768, 0.546000
769, 0.511000
770, 0.522000
771, 0.520000
772, 0.523000
773, 0.526000
774, 0.600000
775, 0.622000
776, 0.546000
777, 0.543000
778, 0.528000
779, 0.537000
780, 0.549000
781, 0.527000
782, 0.537000
783, 0.712000
784, 0.568000
785, 0.555000
786, 0.565000
787, 0.639000
788, 0.544000
789, 0.540000
790, 0.549000
791, 0.548000
792, 0.741000
793, 0.600000
794, 0.574000
795, 0.559000
796, 0.549000
797, 0.582000
798, 0.558000
799, 0.567000
800, 0.626000
801, 0.657000
802, 0.707000
803, 0.575000
804, 0.576000
805, 0.571000
806, 0.572000
807, 0.586000
808, 0.607000
809, 0.664000
810, 0.586000
811, 0.585000
812, 0.583000
813, 0.590000
814, 0.584000
815, 0.613000
816, 0.601000
817, 0.747000
818, 0.613000
819, 0.623000
820, 0.601000
821, 0.596000
822, 0.600000
823, 0.601000
824, 0.607000
825, 0.771000
826, 0.632000
827, 0.610000
828, 0.614000
829, 0.613000
830, 0.607000
831, 0.622000
832, 0.626000
833, 0.820000
834, 0.618000
835, 0.625000
836, 0.622000
837, 0.619000
838, 0.625000
839, 0.632000
840, 0.798000
841, 0.686000
842, 0.662000
843, 0.622000
844, 0.630000
845, 0.658000
846, 0.649000
847, 0.648000
848, 0.742000
849, 0.679000
850, 0.650000
851, 0.664000
852, 0.676000
853, 0.647000
854, 0.657000
855, 0.741000
856, 0.665000
857, 0.690000
858, 0.666000
859, 0.666000
860, 0.678000
861, 0.654000
862, 0.687000
863, 0.848000
864, 0.670000
865, 0.672000
866, 0.694000
867, 0.674000
868, 0.670000
869, 0.688000
870, 0.787000
871, 0.683000
872, 0.698000
873, 0.716000
874, 0.763000
875, 0.738000
876, 0.691000
877, 0.710000
878, 0.758000
879, 0.942000
880, 1.999000
881, 0.936000
882, 0.712000
883, 1.280000
884, 0.727000
885, 0.722000
886, 0.735000
887, 0.807000
888, 0.766000
889, 0.729000
890, 0.741000
891, 0.729000
892, 0.716000
893, 0.725000
894, 0.711000
895, 0.733000
896, 0.739000
897, 0.783000
898, 0.778000
899, 0.753000
900, 0.719000
901, 0.727000
902, 0.738000
903, 0.756000
904, 0.755000
905, 0.769000
906, 0.753000
907, 0.744000
908, 0.759000
909, 0.748000
910, 0.812000
911, 0.751000
912, 0.751000
913, 0.745000
914, 0.780000
915, 0.770000
916, 0.752000
917, 0.845000
918, 0.793000
919, 0.759000
920, 0.799000
921, 0.771000
922, 0.766000
923, 0.943000
924, 0.781000
925, 0.788000
926, 0.769000
927, 0.772000
928, 0.811000
929, 0.794000
930, 1.021000
931, 0.822000
932, 0.779000
933, 0.839000
934, 0.804000
935, 0.805000
936, 0.981000
937, 0.835000
938, 0.814000
939, 0.805000
940, 0.799000
941, 0.817000
942, 0.913000
943, 0.816000
944, 0.831000
945, 0.819000
946, 0.840000
947, 0.813000
948, 0.911000
949, 0.854000
950, 0.821000
951, 0.817000
952, 0.833000
953, 0.831000
954, 1.224000
955, 0.861000
956, 0.844000
957, 0.845000
958, 0.842000
959, 0.874000
960, 0.997000
961, 0.864000
962, 0.851000
963, 0.848000
964, 0.861000
965, 0.848000
966, 0.946000
967, 0.886000
968, 0.869000
969, 0.891000
970, 0.878000
971, 0.895000
972, 1.018000
973, 0.918000
974, 0.885000
975, 0.884000
976, 0.898000
977, 0.878000
978, 0.963000
979, 0.899000
980, 0.879000
981, 0.905000
982, 0.896000
983, 0.907000
984, 0.894000
985, 0.927000
986, 0.905000
987, 0.909000
988, 0.915000
989, 1.059000
990, 0.957000
991, 0.905000
992, 0.922000
993, 0.905000
994, 0.909000
995, 1.287000
996, 0.937000
997, 0.958000
998, 0.940000
999, 0.938000
