0.234403 2.77384
1.39768 3.64281
2.31607 0.36882
4.23201 0.946289
4.83689 2.56114
6.01194 0.228415
6.14909 0.539473
12.149 0.890717
21.3216 1.40187
22.2189 2.12888
27.5861 2.54039
29.274 7.09837
29.6294 0.516474
30.1138 1.82848
30.9881 0.371651
31.2919 3.1029
31.3563 1.01009
31.6569 0.263991
35.9539 0.493172
36.509 0.568537
37.1962 0.745365
38.572 0.462333
39.5719 0.533742
40.1511 0.089035
40.5171 0.685315
41.4687 0.890605
43.1078 2.68766
47.115 0.00553242
47.1343 1.56917
47.6344 0.47099
48.7242 1.43582
49.8185 0.390369
51.2556 6.61934
52.3063 0.606341
57.038 1.31465
57.2122 3.95261
58.2248 0.965501
64.7791 0.665437
68.7328 0.435331
71.3149 1.6414
72.8952 0.873233
81.6926 0.546961
82.0408 1.60964
83.8241 0.48783
87.1457 0.988858
88.3027 1.68382
88.9045 0.278987
100.945 0.761919
101.665 0.92365
104.818 0.736454
110.485 0.186212
110.906 10.8413
112.426 3.26222
114.326 1.2852
114.899 0.0656417
120.644 2.75341
121.777 0.385657
122.905 0.851132
124.409 1.79691
125.472 2.21367
130.507 0.54552
146.343 2.43825
149.221 1.38051
149.744 3.4123
152.315 1.56364
152.592 1.63255
152.685 1.03654
153.981 0.683856
154.926 0.927743
156.283 0.761765
158.305 1.02084
159.067 0.782094
160.113 0.6328
160.116 14.3323
161.394 3.57114
162.374 1.16935
165.273 0.260446
166.521 0.491492
166.798 0.595257
179.8 0.485577
180.488 1.02185
181.608 0.884969
190.276 1.69186
191.643 0.304871
194.051 0.451225
194.235 2.07687
198.951 0.949204
199.409 1.12209
199.947 0.513695
200.008 0.881763
200.388 1.42782
200.798 6.6448
203.905 0.0375338
204.046 0.427881
204.109 4.35281
205.042 1.01425
205.703 2.85792
207.041 1.36647
213.401 39.7402
